
ALABAMA	1969	7325.79	28773	15032.68	35793.8	52423	23642000	1.75E+08	75343000
ALABAMA	1970	7525.94	28418	15501.94	37299.91	52423	16648000	1.90E+08	87487000
ALABAMA	1971	7765.42	29375	15972.41	38670.3	52423	11223000	2.06E+08	91299000
ALABAMA	1972	7907.66	31303	16406.26	40084.01	52423	14390000	2.15E+08	89616000
ALABAMA	1973	8025.52	33430	16762.67	42057.32	52423	11812000	2.02E+08	93706000
ALABAMA	1974	8158.23	33749	17316.26	43971.71	52423	18614000	2.32E+08	1.06E+08
ALABAMA	1975	8228.19	33604	17732.86	50221.57	52423	16161000	2.44E+08	1.14E+08
ALABAMA	1976	8365.67	35764	18111.93	51085	52423	15165000	2.85E+08	1.27E+08
ALABAMA	1977	8510.64	37463	18479.74	52604.05	52423	6241000	2.83E+08	1.44E+08
ALABAMA	1978	8640.61	39964	18881.49	54525.86	52423	11569000	3.47E+08	1.58E+08
ALABAMA	1979	8663.5	40979	19012.35	56589.16	52423	11534000	3.38E+08	1.66E+08
ALABAMA	1980	8628.83	40380	19118.53	56481.93	52423	25490000	3.46E+08	2.00E+08
ALABAMA	1981	8645.14	41105	19118.25	58021.69	52423	27330000	3.73E+08	2.20E+08
ALABAMA	1982	8612.47	40328	19122	58893.97	52423	22908000	3.39E+08	2.61E+08
ALABAMA	1983	8655.94	42245	19257.47	59446.86	52423	28858000	4.11E+08	2.58E+08
ALABAMA	1984	8726.24	45118	19433.36	60688.04	52423	31722000	4.49E+08	2.80E+08
ALABAMA	1985	8813.24	46849	19723.37	61628.88	52423	41581000	5.36E+08	2.96E+08
ALABAMA	1986	8859.45	48409	19935.66	63004.57	52423	34526000	4.68E+08	2.66E+08
ALABAMA	1987	8825.24	51210	20004.15	64585.57	52423	25636000	3.90E+08	2.59E+08
ALABAMA	1988	8905.74	53547	20204.46	66008.17	52423	41714000	4.70E+08	3.42E+08
ARKANSAS	1969	3647.74	15387	7613.26	19749.63	53182	3516000	93681000	49181000
ARKANSAS	1970	3686.95	15392	7982.02	20636.47	53182	3633000	84062000	51775000
ARKANSAS	1971	3780.05	16177	8309.01	21245.48	53182	4489000	1.06E+08	54771000
ARKANSAS	1972	3894.77	17702	8399.59	21654.03	53182	3961000	99640000	56170000
ARKANSAS	1973	3985.99	18825	8512.06	22635.84	53182	4587000	1.04E+08	63328000
ARKANSAS	1974	4051.66	19287	8651.26	23519.27	53182	16003000	1.31E+08	85347000
ARKANSAS	1975	4185.39	19024	8921.91	26158.59	53182	11358000	1.98E+08	1.01E+08
ARKANSAS	1976	4316.52	20277	9234.85	26716.93	53182	6411000	1.72E+08	1.00E+08
ARKANSAS	1977	4405.68	21410	9374.54	27428.46	53182	4899000	1.74E+08	1.25E+08
ARKANSAS	1978	4483.21	23063	9554.83	28394.22	53182	5886000	2.04E+08	1.34E+08
ARKANSAS	1979	4531.36	23501	9705.24	29476.51	53182	5560000	2.29E+08	1.29E+08
ARKANSAS	1980	4608.72	23210	9872.87	31235.95	53182	8237000	2.95E+08	1.49E+08
ARKANSAS	1981	4681.5	24134	9919.35	32008.74	53182	10481000	2.33E+08	1.27E+08
ARKANSAS	1982	4662.68	23462	9861.76	32385.63	53182	9520000	2.20E+08	1.36E+08
ARKANSAS	1983	4654.37	24415	9754.55	32625.51	53182	5041000	2.16E+08	1.43E+08
ARKANSAS	1984	4639.3	26512	9675.47	33229.46	53182	6941000	2.19E+08	1.33E+08
ARKANSAS	1985	4652.71	27159	9787.2	32889.3	53182	8553000	3.26E+08	1.87E+08
ARKANSAS	1986	4720.8	28168	10059.51	33499.73	53182	6064000	3.62E+08	1.96E+08
ARKANSAS	1987	4791.67	28701	10320.55	34200.63	53182	12388000	3.15E+08	2.03E+08
ARKANSAS	1988	4829.36	29802	10411.96	34924.26	53182	11366000	3.07E+08	1.97E+08
ARIZONA	1969	4556.81	18352	10148.42	23585.99	114006	11656000	1.24E+08	30257000
ARIZONA	1970	4701.97	19288	10560.54	24924.82	114006	12273000	1.38E+08	34802000
ARIZONA	1971	4847.84	21040	10977.53	26058.65	114006	17604000	1.47E+08	36475000
ARIZONA	1972	4963.46	23289	11598.26	27304.64	114006	16680000	1.77E+08	48623000
ARIZONA	1973	5071.38	25244	12129.07	28829.44	114006	14615000	1.75E+08	46087000
ARIZONA	1974	5163.41	25698	12929.06	30243.29	114006	9993000	1.95E+08	54812000
ARIZONA	1975	5249.82	24915	13603.89	29384.15	114006	11699000	2.47E+08	61081000
ARIZONA	1976	5358.45	26041	14175.42	30072.6	114006	18161000	2.38E+08	72934000
ARIZONA	1977	5470	28110	14812.04	31139.49	114006	15819000	2.57E+08	81991000
ARIZONA	1978	5603.12	31062	15547.62	32377.41	114006	14557000	3.04E+08	99317000
ARIZONA	1979	5720.38	33943	16344.9	33769.92	114006	14845000	3.48E+08	1.27E+08
ARIZONA	1980	5816.05	34708	17088.3	36387.16	114006	17355000	4.15E+08	1.28E+08
ARIZONA	1981	5918.5	35244	17650.57	37332.1	114006	23015000	3.64E+08	1.01E+08
ARIZONA	1982	6019.86	33603	18108.24	37829.83	114006	23985000	3.38E+08	1.13E+08
ARIZONA	1983	6101.45	35963	18792.09	38330.02	114006	25469000	4.07E+08	1.15E+08
ARIZONA	1984	6282.51	40010	19414.85	39246.83	114006	51079000	5.85E+08	1.16E+08
ARIZONA	1985	6553.4	43350	20212.42	44189.19	114006	1.21E+08	6.55E+08	1.14E+08
ARIZONA	1986	6885.8	46058	21317.17	45585.85	114006	1.90E+08	8.28E+08	1.29E+08
ARIZONA	1987	7448.13	49026	22509.78	47251.17	114006	1.94E+08	9.07E+08	1.37E+08
ARIZONA	1988	7955.02	50630	23693.97	48932.84	114006	2.16E+08	1.07E+09	1.99E+08
CALIFORNIA	1969	42961.31	264621	128545.4	172791.9	163707	2.09E+08	1.11E+09	2.67E+08
CALIFORNIA	1970	44768.37	263933	132263.3	180864.3	163707	2.27E+08	1.25E+09	2.89E+08
CALIFORNIA	1971	46045.52	265600	134451.5	187587.9	163707	2.09E+08	1.18E+09	3.11E+08
CALIFORNIA	1972	47064.46	281159	135988.4	193535.8	163707	1.99E+08	1.08E+09	3.25E+08
CALIFORNIA	1973	47572.52	293735	136827.3	204096.4	163707	1.35E+08	9.88E+08	3.53E+08
CALIFORNIA	1974	47699.43	298408	138487.4	213216.8	163707	1.12E+08	9.93E+08	3.75E+08
CALIFORNIA	1975	47568.65	304518	139514.2	221958.9	163707	93261000	1.06E+09	4.68E+08
CALIFORNIA	1976	47137.99	320160	139910.2	226544.3	163707	38338000	9.78E+08	4.79E+08
CALIFORNIA	1977	46472.4	338040	139408.9	233936.4	163707	1.53E+08	1.01E+09	5.18E+08
CALIFORNIA	1978	46132.47	359603	140217.3	243776.3	163707	96455000	9.58E+08	5.97E+08
CALIFORNIA	1979	45597.88	374928	139777	255306	163707	93843000	1.09E+09	6.31E+08
CALIFORNIA	1980	45042.91	380221	139662.4	286402.6	163707	1.14E+08	1.29E+09	6.72E+08
CALIFORNIA	1981	44490.48	378436	139232.4	297844	163707	1.30E+08	1.54E+09	6.66E+08
CALIFORNIA	1982	44027.17	372541	138535.7	305210.2	163707	1.36E+08	1.20E+09	1.07E+09
CALIFORNIA	1983	43826.52	390528	138101.6	312008.6	163707	1.67E+08	1.26E+09	1.12E+09
CALIFORNIA	1984	43566.26	420525	138170.9	324335.2	163707	2.08E+08	1.56E+09	1.22E+09
CALIFORNIA	1985	43350.54	444082	139042.7	363779.7	163707	2.71E+08	1.77E+09	1.29E+09
CALIFORNIA	1986	42954.01	464550	140693.7	374934.6	163707	2.92E+08	1.81E+09	1.34E+09
CALIFORNIA	1987	42883.84	499943	142805.5	387763.6	163707	2.46E+08	2.23E+09	1.52E+09
CALIFORNIA	1988	42835.42	528674	145321.6	400653.1	163707	2.44E+08	2.22E+09	1.56E+09
COLORADO	1969	4403.21	24638	11402.52	23709.75	104100	6686000	1.08E+08	50134000
COLORADO	1970	4535.52	25689	11682.06	25186.8	104100	662000	1.34E+08	56097000
COLORADO	1971	4757.59	27341	12010.92	26010.17	104100	6384000	1.56E+08	60487000
COLORADO	1972	4982.21	29624	12473.28	27387.44	104100	6554000	1.49E+08	67229000
COLORADO	1973	5143.73	32417	12964.14	28763.31	104100	9111000	1.34E+08	78647000
COLORADO	1974	5223.11	33039	13483.92	29939.43	104100	9495000	1.68E+08	92468000
COLORADO	1975	5318.1	33593	14090.24	34680.9	104100	8238000	1.81E+08	1.00E+08
COLORADO	1976	5463.79	35223	14736.89	35116.03	104100	7986000	2.08E+08	1.05E+08
COLORADO	1977	5598.49	37429	15240.49	36213.59	104100	9420000	2.02E+08	1.20E+08
COLORADO	1978	5705.99	40522	15711.11	37674.72	104100	7296000	2.17E+08	1.37E+08
COLORADO	1979	5766.89	42917	16272.57	39349.98	104100	14080000	2.83E+08	1.71E+08
COLORADO	1980	5820.52	43888	16692.71	45660.95	104100	24876000	2.86E+08	2.12E+08
COLORADO	1981	5846.02	44695	17027.52	47010.56	104100	19151000	2.38E+08	2.12E+08
COLORADO	1982	5877.85	45252	17388.99	47724.11	104100	33365000	2.83E+08	2.32E+08
COLORADO	1983	5942.8	46523	17785.25	48372.92	104100	33868000	3.42E+08	2.47E+08
COLORADO	1984	6057.5	49332	18327.12	49793.31	104100	25645000	3.91E+08	2.70E+08
COLORADO	1985	6148.8	50820	18889.54	47485.05	104100	26715000	4.52E+08	2.90E+08
COLORADO	1986	6271.6	51781	19350.74	48603.54	104100	34392000	4.72E+08	2.93E+08
COLORADO	1987	6397.72	51249	20112.45	49893.94	104100	25691000	4.53E+08	2.97E+08
COLORADO	1988	6574.39	52117	20639.31	51304.57	104100	34119000	5.36E+08	3.12E+08
CONNECTICUT	1969	7237.13	39427	15865.66	24082.38	5544	23172000	1.08E+08	75327000
CONNECTICUT	1970	7312.24	38880	16559.99	25147.44	5544	30418000	1.27E+08	80136000
CONNECTICUT	1971	7407.46	38515	17346.79	26191.58	5544	40737000	1.51E+08	83557000
CONNECTICUT	1972	7492.12	40037	17803.12	27301.99	5544	29430000	1.40E+08	84097000
CONNECTICUT	1973	7550.75	42157	18225.2	28832.92	5544	37738000	1.40E+08	86323000
CONNECTICUT	1974	7585.56	41827	18686.78	30306.1	5544	28854000	1.61E+08	95405000
CONNECTICUT	1975	7587.34	39870	18871.06	27628.42	5544	17272000	1.52E+08	96383000
CONNECTICUT	1976	7501.72	41326	18798.54	28268.33	5544	11584000	1.04E+08	1.04E+08
CONNECTICUT	1977	7352.08	42976	18566.24	29207.04	5544	9523000	1.03E+08	1.10E+08
CONNECTICUT	1978	7274.07	44844	18487.06	30449.45	5544	6029000	1.14E+08	1.37E+08
CONNECTICUT	1979	7192	46008	18385.98	31844.08	5544	12659000	1.37E+08	1.31E+08
CONNECTICUT	1980	7103.85	45949	18271.34	31895.65	5544	12726000	1.70E+08	1.44E+08
CONNECTICUT	1981	7017.05	47397	18030.08	32967.44	5544	4979000	1.65E+08	1.31E+08
CONNECTICUT	1982	6959.31	47241	17739.88	33668.53	5544	3532000	1.48E+08	1.59E+08
CONNECTICUT	1983	6890.73	50594	17494.36	34439.31	5544	7672000	2.03E+08	1.78E+08
CONNECTICUT	1984	6861.64	55117	17317.13	35816.37	5544	8693000	2.30E+08	1.91E+08
CONNECTICUT	1985	6878.14	58263	17290.61	40413.22	5544	9988000	3.15E+08	2.07E+08
CONNECTICUT	1986	6934.84	61750	17350.14	42119.46	5544	15857000	4.10E+08	2.11E+08
CONNECTICUT	1987	7064.15	65927	17597.19	44152.31	5544	14943000	5.05E+08	2.56E+08
CONNECTICUT	1988	7236.71	70125	17871.09	46318.68	5544	20418000	5.37E+08	2.59E+08
DELAWARE	1969	2078.95	6930	4250.95	6108.14	2489	2425000	45204000	12306000
DELAWARE	1970	2076.73	6863	4405.92	6361.22	2489	6238000	31990000	11597000
DELAWARE	1971	2105.3	7399	4560.71	6602.65	2489	4449000	33253000	12260000
DELAWARE	1972	2125.88	7829	4725.12	6892.09	2489	6629000	40635000	12131000
DELAWARE	1973	2195.49	8604	4927.52	7263.84	2489	8757000	55522000	13062000
DELAWARE	1974	2197.46	7777	4988.37	7624.03	2489	3636000	46833000	12576000
DELAWARE	1975	2161.42	7625	4959.87	7706.19	2489	2091000	36597000	12747000
DELAWARE	1976	2158.95	8061	4958.47	7845.75	2489	2990000	49948000	14393000
DELAWARE	1977	2134.89	8313	4954.21	8100.95	2489	2590000	40692000	15723000
DELAWARE	1978	2103.91	8390	4936.91	8435.96	2489	2983000	55613000	19011000
DELAWARE	1979	2071.23	8360	4868.74	8811.38	2489	2306000	43261000	19882000
DELAWARE	1980	2050.14	8200	4825.97	9049.53	2489	4737000	70174000	21970000
DELAWARE	1981	2038.78	8344	4786.37	9327.72	2489	4455000	85021000	19346000
DELAWARE	1982	2029.77	8435	4768.17	9486.76	2489	5142000	72439000	23029000
DELAWARE	1983	2037.26	8883	4743.86	9630.61	2489	5245000	86574000	29115000
DELAWARE	1984	2043.62	9347	4731.49	9921.23	2489	4209000	1.01E+08	29870000
DELAWARE	1985	2052.16	9699	4716.73	10655	2489	2003000	98746000	38290000
DELAWARE	1986	2051.68	10072	4682.39	11085.71	2489	2174000	1.02E+08	38994000
DELAWARE	1987	2062.5	10751	4654.77	11607.23	2489	5811000	1.15E+08	39139000
DELAWARE	1988	2112.78	11427	4681.46	12209.28	2489	22363000	1.57E+08	49904000
FLORIDA	1969	12622.3	67330	29696.86	57178.05	65758	32185000	2.34E+08	1.02E+08
FLORIDA	1970	12873.62	69641	30683.09	60238.01	65758	45625000	3.09E+08	1.11E+08
FLORIDA	1971	13424.21	73170	32089.12	62873.97	65758	46992000	3.98E+08	1.26E+08
FLORIDA	1972	13999.7	81313	33480.99	66432.27	65758	82908000	4.27E+08	1.26E+08
FLORIDA	1973	14586.91	90897	34650.29	70452.68	65758	90926000	4.87E+08	1.45E+08
FLORIDA	1974	15075.13	92163	36103.75	73809.64	65758	1.01E+08	5.94E+08	1.67E+08
FLORIDA	1975	15538.54	89502	37942.62	87196.5	65758	82038000	5.67E+08	2.15E+08
FLORIDA	1976	15790.7	90957	39393.89	88699.63	65758	80182000	4.76E+08	2.29E+08
FLORIDA	1977	15985.09	95449	40859.4	91517.52	65758	68768000	4.99E+08	2.49E+08
FLORIDA	1978	16220.82	103064	42107.13	95108.5	65758	69338000	5.90E+08	2.91E+08
FLORIDA	1979	16457.76	109121	43192.98	99248.64	65758	72933000	6.38E+08	3.00E+08
FLORIDA	1980	16724.87	113857	44311.68	108486.9	65758	1.11E+08	9.88E+08	3.40E+08
FLORIDA	1981	16952.95	118145	45492	111868	65758	92399000	8.97E+08	4.11E+08
FLORIDA	1982	17282.36	118301	47116.82	113951.6	65758	87572000	8.24E+08	4.80E+08
FLORIDA	1983	17597.76	126322	48538.98	116417.2	65758	1.14E+08	7.74E+08	5.59E+08
FLORIDA	1984	17888.08	136572	50336.63	120719.7	65758	1.73E+08	9.07E+08	5.53E+08
FLORIDA	1985	18290.06	145171	52309.37	135673	65758	1.74E+08	1.28E+09	5.74E+08
FLORIDA	1986	18671.86	152269	54562.53	141146.6	65758	2.13E+08	1.40E+09	6.72E+08
FLORIDA	1987	19165.37	161561	57443.94	147630.8	65758	1.78E+08	1.62E+09	7.08E+08
FLORIDA	1988	19987.9	170213	59950.37	154057.4	65758	2.47E+08	1.88E+09	8.01E+08
GEORGIA	1969	7999.19	43516	18270.44	41597.8	59441	9205000	2.07E+08	71395000
GEORGIA	1970	8213.17	43105	19275.63	43732.95	59441	12934000	2.25E+08	78645000
GEORGIA	1971	8433.38	45438	20167.46	45402.82	59441	20866000	2.43E+08	96279000
GEORGIA	1972	8676.01	49402	21015.05	47422.01	59441	11624000	2.88E+08	1.09E+08
GEORGIA	1973	9004.14	52824	21882.27	49969.83	59441	19405000	2.80E+08	1.24E+08
GEORGIA	1974	9192.85	52390	22713.54	52261.84	59441	33499000	3.64E+08	1.37E+08
GEORGIA	1975	9445.52	50900	23556.37	56287.82	59441	27611000	3.81E+08	1.62E+08
GEORGIA	1976	9623.51	54469	24124.15	56992.14	59441	21330000	3.59E+08	1.64E+08
GEORGIA	1977	9745.86	58085	24622.13	58642.67	59441	24325000	3.65E+08	1.83E+08
GEORGIA	1978	10054.77	61607	25631.2	60866.47	59441	14941000	4.71E+08	2.06E+08
GEORGIA	1979	10289.71	63825	26685.37	63341.08	59441	48902000	5.61E+08	2.64E+08
GEORGIA	1980	10501.58	64216	27546.85	67537.87	59441	59467000	6.58E+08	2.14E+08
GEORGIA	1981	10620.04	66352	28209.03	69347.75	59441	37383000	7.61E+08	2.22E+08
GEORGIA	1982	10985.78	66766	28996.86	70436.24	59441	34630000	5.65E+08	2.47E+08
GEORGIA	1983	11236.24	71485	29702.75	71624.33	59441	41911000	7.27E+08	3.00E+08
GEORGIA	1984	11292.92	78797	30068.26	73979.66	59441	46279000	5.98E+08	3.13E+08
GEORGIA	1985	11563.64	83461	30991.34	83458.28	59441	46095000	8.84E+08	3.61E+08
GEORGIA	1986	11795.88	88827	31932.68	86365.58	59441	74362000	6.94E+08	4.63E+08
GEORGIA	1987	12075.55	94859	33085.8	89789.25	59441	1.03E+08	8.11E+08	5.18E+08
GEORGIA	1988	12440.08	99059	34290.46	93342.2	59441	77468000	7.41E+08	5.30E+08
IOWA	1969	8684.87	29096	14728.51	33400.46	56276	17359000	1.92E+08	1.05E+08
IOWA	1970	8926.99	29173	15311.03	34819.44	56276	21646000	2.31E+08	1.11E+08
IOWA	1971	9144.08	29312	15657.48	35846.9	56276	18771000	2.69E+08	1.10E+08
IOWA	1972	9424.4	31159	16006.47	37693.89	56276	22186000	2.40E+08	1.20E+08
IOWA	1973	9571.66	33798	16159.2	39460.57	56276	22104000	2.33E+08	1.36E+08
IOWA	1974	9677.48	33591	16414.33	41068.52	56276	17470000	2.93E+08	1.52E+08
IOWA	1975	9770.03	34378	16766.53	43868.88	56276	14594000	3.15E+08	1.79E+08
IOWA	1976	9948.06	35752	17166.76	46649.69	56276	17685000	2.98E+08	1.67E+08
IOWA	1977	10038.99	37277	17407.43	47977.54	56276	14870000	2.97E+08	1.78E+08
IOWA	1978	10112.22	39087	17722.68	49653.76	56276	20956000	3.44E+08	2.05E+08
IOWA	1979	10183.36	39863	17928.92	51530.31	56276	34934000	4.14E+08	2.37E+08
IOWA	1980	10188.72	38919	18050.52	47985.77	56276	34005000	4.27E+08	2.39E+08
IOWA	1981	10187.89	40630	18141.76	48698.55	56276	20324000	2.86E+08	2.46E+08
IOWA	1982	10187.06	37634	18240.5	48731.5	56276	13798000	2.64E+08	2.74E+08
IOWA	1983	10197.84	35937	18203.49	48741.81	56276	14243000	2.81E+08	2.93E+08
IOWA	1984	10286.39	38704	18288.61	49781.83	56276	14872000	4.09E+08	3.13E+08
IOWA	1985	10397.5	39344	18436.18	43209.95	56276	19687000	4.20E+08	3.37E+08
IOWA	1986	10417.9	40425	18506.14	43905.19	56276	19758000	3.95E+08	3.34E+08
IOWA	1987	10467.09	39426	18516.71	44816.38	56276	28149000	4.70E+08	3.38E+08
IOWA	1988	10535.56	40546	18590.01	45936.2	56276	14834000	4.51E+08	3.57E+08
IDAHO	1969	2193.99	7028	3410.22	9202.07	83574	2404000	63606000	25803000
IDAHO	1970	2276.68	7175	3579.67	9488.47	83574	2567000	69424000	26549000
IDAHO	1971	2353.72	7255	3676.23	9756.4	83574	1367000	81141000	29196000
IDAHO	1972	2399.18	7898	3737.66	10251.95	83574	2383000	85462000	33210000
IDAHO	1973	2467.04	8352	3813.95	10725.66	83574	3866000	73892000	36813000
IDAHO	1974	2531.4	8970	3942.37	11134.59	83574	2569000	78536000	43758000
IDAHO	1975	2563.07	9099	4105.58	12401.79	83574	2672000	92882000	48623000
IDAHO	1976	2606.66	9709	4255.84	12498.22	83574	3294000	95620000	50985000
IDAHO	1977	2674.18	9967	4398.05	12813.38	83574	3703000	1.21E+08	56554000
IDAHO	1978	2724.98	10828	4522.19	13264.09	83574	5635000	1.13E+08	65634000
IDAHO	1979	2740.64	10924	4605.7	13771.17	83574	5523000	1.09E+08	62747000
IDAHO	1980	2753.26	11002	4667.31	13808.97	83574	7791000	1.15E+08	73422000
IDAHO	1981	2749.25	10959	4699.95	14020.3	83574	3682000	1.11E+08	64922000
IDAHO	1982	2756.72	10432	4710.03	14028.64	83574	9092000	1.04E+08	84633000
IDAHO	1983	2794.78	10879	4769.76	14049.02	83574	2992000	1.32E+08	96662000
IDAHO	1984	2838.03	11262	4819.32	14290.67	83574	2697000	1.35E+08	1.05E+08
IDAHO	1985	2886.07	11815	4890.92	13612.17	83574	5581000	1.50E+08	1.13E+08
IDAHO	1986	2931.17	11672	4965.59	13771.55	83574	3785000	1.36E+08	1.07E+08
IDAHO	1987	2972.24	11833	5019.82	13959.74	83574	11826000	1.37E+08	1.03E+08
IDAHO	1988	3010.18	12432	5118.46	14216.9	83574	5106000	1.86E+08	1.16E+08
ILLINOIS	1969	23582.87	148552	52197.5	114860.8	57918	29817000	4.26E+08	2.08E+08
ILLINOIS	1970	23841.66	145792	53805.62	119783.1	57918	36066000	5.40E+08	2.50E+08
ILLINOIS	1971	24602.76	148503	55540.36	124239.6	57918	46084000	7.18E+08	2.68E+08
ILLINOIS	1972	25448.17	154413	57288.3	129514.1	57918	48147000	6.20E+08	2.79E+08
ILLINOIS	1973	25806.09	163125	58984.18	136292.4	57918	35726000	5.39E+08	2.85E+08
ILLINOIS	1974	26068.87	161725	60139.25	142558.6	57918	28115000	6.32E+08	2.87E+08
ILLINOIS	1975	26325.26	157366	61104.4	140831.4	57918	40727000	8.58E+08	3.31E+08
ILLINOIS	1976	26835.53	163112	62200.83	146285.6	57918	33541000	9.35E+08	3.60E+08
ILLINOIS	1977	27300.22	168627	63096.48	150855.5	57918	27261000	6.20E+08	5.48E+08
ILLINOIS	1978	27247.22	173767	63642.81	156752	57918	32378000	7.01E+08	5.35E+08
ILLINOIS	1979	27237.54	173817	64003.03	163355.5	57918	35040000	9.15E+08	6.11E+08
ILLINOIS	1980	27406.33	165722	64549.3	150688.9	57918	36599000	1.15E+09	5.95E+08
ILLINOIS	1981	27568.5	166029	65064.2	154806.1	57918	30822000	9.22E+08	5.94E+08
ILLINOIS	1982	27483	159778	64751.99	157095.8	57918	27689000	8.99E+08	6.44E+08
ILLINOIS	1983	27590.53	160856	64460.25	159388	57918	26118000	1.02E+09	6.55E+08
ILLINOIS	1984	27811.57	173602	64487.38	164794.5	57918	31291000	1.25E+09	6.97E+08
ILLINOIS	1985	28101.57	178493	64726.05	161199	57918	34659000	1.41E+09	7.39E+08
ILLINOIS	1986	28266.14	183849	65114.5	166347.3	57918	37955000	1.37E+09	7.54E+08
ILLINOIS	1987	28545.05	190342	65649.66	172566.8	57918	94019000	1.40E+09	7.85E+08
ILLINOIS	1988	28835.59	200874	66247.07	179351	57918	45186000	1.58E+09	8.10E+08
INDIANA	1969	8904.96	59296	20813.65	63646.79	36420	29099000	2.01E+08	95108000
INDIANA	1970	9140.25	56769	21665.6	65528.57	36420	17685000	2.09E+08	1.12E+08
INDIANA	1971	9391.3	58540	22368.04	67722.97	36420	12804000	2.52E+08	1.14E+08
INDIANA	1972	9696.29	61613	23230.94	70189.83	36420	12145000	2.41E+08	1.15E+08
INDIANA	1973	9913.98	66534	23652.3	73448.9	36420	10810000	2.25E+08	1.11E+08
INDIANA	1974	10038.12	64313	23945.55	76823.26	36420	9540000	2.53E+08	1.50E+08
INDIANA	1975	10178.36	61200	24259.12	74736.16	36420	9377000	3.27E+08	45863000
INDIANA	1976	10409.08	65479	24506.31	77477.95	36420	11107000	2.80E+08	1.71E+08
INDIANA	1977	10518.94	68832	24639.62	79763.07	36420	9416000	2.01E+08	1.93E+08
INDIANA	1978	10536	71717	24744.99	82742.13	36420	7749000	2.26E+08	2.38E+08
INDIANA	1979	10574.03	72047	24799.68	86012.22	36420	12636000	3.13E+08	2.87E+08
INDIANA	1980	10619.58	67930	24976.64	80364.43	36420	22228000	2.61E+08	3.30E+08
INDIANA	1981	10618.71	68135	25108.79	82361.44	36420	35265000	2.77E+08	3.38E+08
INDIANA	1982	10558.11	64042	24983.98	83359.59	36420	23725000	3.82E+08	2.77E+08
INDIANA	1983	10481.99	65211	24835.6	83946.98	36420	34800000	3.92E+08	2.50E+08
INDIANA	1984	10532.65	70975	24905.94	85849.71	36420	34017000	4.62E+08	2.92E+08
INDIANA	1985	10567.2	73392	24924.85	87053.98	36420	32429000	4.79E+08	3.72E+08
INDIANA	1986	10587.09	75924	25044.45	89077.49	36420	22576000	5.81E+08	3.93E+08
INDIANA	1987	10653.21	79120	25107.14	91392.65	36420	15981000	4.46E+08	3.58E+08
INDIANA	1988	10713.72	82918	25296.76	93894.82	36420	15829000	5.38E+08	4.13E+08
KANSAS	1969	5988.83	26171	11115.57	33207.74	82282	7704000	1.11E+08	75279000
KANSAS	1970	6098.1	26311	11595.03	34117.09	82282	8689000	1.38E+08	86815000
KANSAS	1971	6226.46	26950	11854.06	34862.71	82282	7650000	1.40E+08	91139000
KANSAS	1972	6368.52	28330	12137.4	36179.12	82282	11374000	1.41E+08	91405000
KANSAS	1973	6488.52	29486	12412.46	37588.65	82282	9809000	1.30E+08	96701000
KANSAS	1974	6542.8	29506	12792.34	38828.22	82282	15844000	1.64E+08	1.16E+08
KANSAS	1975	6628.42	29530	13023.89	41282.58	82282	10561000	2.21E+08	1.17E+08
KANSAS	1976	6753.55	30655	13386.6	41246.04	82282	8075000	2.21E+08	1.30E+08
KANSAS	1977	6830.98	31032	13726.24	42277.86	82282	9132000	2.07E+08	1.37E+08
KANSAS	1978	6863.58	32232	14157.68	43689.61	82282	6430000	2.43E+08	1.53E+08
KANSAS	1979	6919.83	33680	14479.94	45281.71	82282	11042000	2.99E+08	1.81E+08
KANSAS	1980	7018.71	32844	14855.02	47858.83	82282	9324000	3.50E+08	1.98E+08
KANSAS	1981	7104.16	33707	15082.15	49569.38	82282	14058000	2.96E+08	2.10E+08
KANSAS	1982	7150.68	33287	15062.89	49688.66	82282	16976000	2.76E+08	2.13E+08
KANSAS	1983	7177.68	33638	15116.06	49959.27	82282	10854000	2.08E+08	2.35E+08
KANSAS	1984	7222.85	35582	15145.49	51037.85	82282	9056000	3.52E+08	2.17E+08
KANSAS	1985	7310.79	36560	15216.66	51347.26	82282	6462000	3.43E+08	2.88E+08
KANSAS	1986	7435.38	37783	15305.8	51811.63	82282	6218000	3.73E+08	3.06E+08
KANSAS	1987	7551.34	38564	15397.04	52324.19	82282	3911000	3.62E+08	3.16E+08
KANSAS	1988	7667.17	39640	15429.52	52841.45	82282	5351000	3.24E+08	3.34E+08
KENTUCKY	1969	9021.31	32115	16035.09	30525.64	40411	22298000	2.29E+08	72857000
KENTUCKY	1970	9280.45	32182	16706.92	31822.72	40411	37910000	1.89E+08	76376000
KENTUCKY	1971	9606.59	33276	17169.23	32994.5	40411	30068000	2.56E+08	84575000
KENTUCKY	1972	10008.41	35351	17697.13	34039.58	40411	25348000	3.44E+08	82131000
KENTUCKY	1973	10372.71	37305	18263.75	35741.89	40411	25851000	3.05E+08	93101000
KENTUCKY	1974	10505.77	37458	18624.45	37366.28	40411	20959000	2.51E+08	1.01E+08
KENTUCKY	1975	10588	36717	18945.26	41587.55	40411	22788000	3.06E+08	1.19E+08
KENTUCKY	1976	10701.7	39138	19294.6	42985.92	40411	29263000	2.99E+08	1.24E+08
KENTUCKY	1977	10809.85	41137	19572.86	44402.66	40411	32236000	3.29E+08	1.35E+08
KENTUCKY	1978	11017.87	43098	19948.69	46082.95	40411	43677000	4.24E+08	1.57E+08
KENTUCKY	1979	11367.36	44188	20585.01	47878.44	40411	43146000	5.32E+08	1.77E+08
KENTUCKY	1980	11721.16	42637	21116.39	47983.96	40411	23379000	5.76E+08	1.76E+08
KENTUCKY	1981	11933.89	43595	21308.34	49141.96	40411	26287000	4.40E+08	1.75E+08
KENTUCKY	1982	12008.09	42286	21162.34	49720.78	40411	31846000	4.06E+08	1.80E+08
KENTUCKY	1983	12056.3	42668	21032.34	50066.78	40411	38288000	4.37E+08	1.87E+08
KENTUCKY	1984	12171.63	45998	21052.49	51135.28	40411	28005000	4.87E+08	1.89E+08
KENTUCKY	1985	12139.07	46753	20959.34	51911.38	40411	27826000	5.36E+08	1.98E+08
KENTUCKY	1986	12070.75	47502	20873.39	52976.47	40411	67690000	5.24E+08	2.11E+08
KENTUCKY	1987	12101.01	50239	20916.94	54329.91	40411	39394000	5.78E+08	2.15E+08
KENTUCKY	1988	12137.85	52388	21031.07	55668.5	40411	29127000	6.43E+08	2.22E+08
LOUISIANA	1969	9891.38	61405	19638.31	97802.38	51843	17328000	2.30E+08	73189000
LOUISIANA	1970	10162.65	62666	20066.64	99483.9	51843	20546000	2.28E+08	73246000
LOUISIANA	1971	10392.2	64851	20887.68	100299.6	51843	11286000	2.76E+08	72619000
LOUISIANA	1972	10606.21	67439	21408.2	101336.5	51843	11501000	2.97E+08	94121000
LOUISIANA	1973	10805.89	67100	21787.15	103761.9	51843	11690000	2.87E+08	1.19E+08
LOUISIANA	1974	10983.6	64919	22175.86	106564.6	51843	14668000	3.57E+08	1.27E+08
LOUISIANA	1975	11273.56	63128	22682.17	100358.5	51843	16389000	4.24E+08	1.56E+08
LOUISIANA	1976	11634.15	66338	23389.41	102931.7	51843	14595000	4.94E+08	1.59E+08
LOUISIANA	1977	11981.51	68209	24102.46	106575	51843	13303000	3.83E+08	1.79E+08
LOUISIANA	1978	12128.07	72221	24446.12	111082.3	51843	13043000	4.16E+08	1.97E+08
LOUISIANA	1979	12107.67	73681	24568.45	117127.4	51843	30587000	4.65E+08	2.26E+08
LOUISIANA	1980	12157.9	75312	24789.76	117911.6	51843	28971000	5.70E+08	2.25E+08
LOUISIANA	1981	12262.86	77342	25087	124453.5	51843	42946000	7.09E+08	2.32E+08
LOUISIANA	1982	12448.15	75743	25422.96	128610.3	51843	74788000	7.42E+08	2.53E+08
LOUISIANA	1983	12825.32	72535	25932.73	130129.7	51843	74942000	7.52E+08	2.67E+08
LOUISIANA	1984	13131.09	75349	26477.79	133300.1	51843	61399000	6.68E+08	2.76E+08
LOUISIANA	1985	13271.71	73777	26617.47	134624.4	51843	61836000	6.68E+08	2.53E+08
LOUISIANA	1986	13431.35	68508	26927.41	133756.8	51843	91207000	8.11E+08	2.45E+08
LOUISIANA	1987	13546.81	70682	27079.62	132289	51843	60668000	6.05E+08	2.14E+08
LOUISIANA	1988	13572.38	72105	27147.89	129066.9	51843	64882000	5.91E+08	1.88E+08
MASSACHUSETTS	1969	8541.89	64666	21923.28	37917.57	10555	18570000	1.87E+08	1.20E+08
MASSACHUSETTS	1970	8871.26	64429	23177.83	39727.03	10555	14934000	2.09E+08	1.26E+08
MASSACHUSETTS	1971	9022.56	65276	24385.09	41461.37	10555	13189000	1.75E+08	1.31E+08
MASSACHUSETTS	1972	9033.16	68096	25765.21	43388.76	10555	14448000	1.57E+08	1.38E+08
MASSACHUSETTS	1973	9074.66	70876	27100.33	45943.04	10555	13140000	1.89E+08	1.30E+08
MASSACHUSETTS	1974	9114.56	68955	28204.28	48221.47	10555	12362000	1.74E+08	1.37E+08
MASSACHUSETTS	1975	9101.4	66448	28752.82	45024.55	10555	11426000	2.16E+08	1.33E+08
MASSACHUSETTS	1976	9098.1	68467	29171.97	46061.69	10555	14030000	2.44E+08	1.55E+08
MASSACHUSETTS	1977	9123.65	71258	29202.12	47564.53	10555	20044000	2.40E+08	1.55E+08
MASSACHUSETTS	1978	9169.85	73575	29455.5	49564.81	10555	10787000	1.44E+08	1.57E+08
MASSACHUSETTS	1979	9146.15	75180	29999.21	51862.37	10555	17395000	2.50E+08	1.69E+08
MASSACHUSETTS	1980	9094.17	75289	30166.13	54146.23	10555	15395000	3.46E+08	1.58E+08
MASSACHUSETTS	1981	9076.55	77490	30190.87	55990.97	10555	1560000	2.95E+08	2.02E+08
MASSACHUSETTS	1982	9034.17	77166	30221.77	57244.08	10555	1517000	2.47E+08	1.99E+08
MASSACHUSETTS	1983	9031.48	82489	30352.69	58684.77	10555	11444000	2.04E+08	2.84E+08
MASSACHUSETTS	1984	9004.18	90684	30497.51	61180.21	10555	13764000	2.88E+08	2.72E+08
MASSACHUSETTS	1985	8984.76	96698	30795.56	69574.24	10555	14244000	3.81E+08	3.04E+08
MASSACHUSETTS	1986	8971.69	102279	31182.24	72741.97	10555	10315000	3.96E+08	3.12E+08
MASSACHUSETTS	1987	9055.06	108947	31620.58	76533.44	10555	20298000	4.71E+08	3.71E+08
MASSACHUSETTS	1988	9194.59	116523	32265.09	80736.98	10555	48478000	8.57E+08	4.00E+08
MARYLAND	1969	7466.91	42679	19145.01	29115.59	12407	17133000	1.62E+08	57798000
MARYLAND	1970	7761.21	42971	20023.61	30631.2	12407	13191000	2.14E+08	66101000
MARYLAND	1971	8191.56	44111	21126.69	31964.23	12407	12166000	2.43E+08	73768000
MARYLAND	1972	8386.46	46121	22060.79	33413.53	12407	16783000	2.50E+08	80472000
MARYLAND	1973	8733.95	48728	23017.84	35364.63	12407	28005000	3.31E+08	84717000
MARYLAND	1974	9088.64	48514	24189.5	37135.88	12407	13932000	2.91E+08	85247000
MARYLAND	1975	9328.2	47751	25322.85	35089.36	12407	14594000	2.89E+08	97107000
MARYLAND	1976	9610.83	49228	26238.15	35875.05	12407	11836000	3.35E+08	1.10E+08
MARYLAND	1977	9813.67	50507	26910.22	37068.32	12407	7470000	2.73E+08	1.15E+08
MARYLAND	1978	9951.82	52317	27644.44	38627.84	12407	22146000	2.79E+08	1.31E+08
MARYLAND	1979	10018	52804	28081.96	40397.33	12407	24059000	3.85E+08	1.62E+08
MARYLAND	1980	10118.32	52361	28715.84	40578.02	12407	35068000	3.96E+08	1.54E+08
MARYLAND	1981	10160.72	53231	28850.43	41844.35	12407	25836000	4.66E+08	1.94E+08
MARYLAND	1982	10461.03	52583	29101.83	42589.53	12407	25309000	5.69E+08	1.98E+08
MARYLAND	1983	10668.97	55323	29214.12	43493.99	12407	39410000	4.89E+08	2.53E+08
MARYLAND	1984	10845.28	58925	29451.52	45119.15	12407	45016000	6.24E+08	2.53E+08
MARYLAND	1985	10983.19	62179	29577.46	49257.92	12407	54511000	6.99E+08	2.52E+08
MARYLAND	1986	11168.39	65408	29984.43	51256.62	12407	60169000	7.50E+08	2.58E+08
MARYLAND	1987	11417.36	69717	30449.75	53665.03	12407	85874000	8.92E+08	2.65E+08
MARYLAND	1988	11768.02	73671	31062.85	56167.54	12407	1.05E+08	1.02E+09	2.96E+08
MAINE	1969	2206.79	8769	3868.87	9305.13	35387	3724000	45836000	45368000
MAINE	1970	2256.43	8844	3999.86	9582.6	35387	2919000	53257000	45103000
MAINE	1971	2335.09	8958	4167.61	9906.21	35387	3861000	71797000	50603000
MAINE	1972	2427.57	9449	4272.25	10255.45	35387	4370000	62233000	57233000
MAINE	1973	2485.16	9949	4394.33	10747.95	35387	1649000	57342000	62282000
MAINE	1974	2515.26	9976	4529.86	11224.5	35387	1340000	57504000	71476000
MAINE	1975	2518.41	9672	4593.66	11017.15	35387	1477000	51344000	71479000
MAINE	1976	2521.78	10555	4662.84	11201.57	35387	1061000	62034000	80312000
MAINE	1977	2531.39	10916	4813.68	11494.06	35387	2466000	56721000	90964000
MAINE	1978	2541.85	11434	4931.13	11929.56	35387	1860000	78909000	95539000
MAINE	1979	2553.75	11765	4991.87	12404.6	35387	4594000	87071000	1.03E+08
MAINE	1980	2559.1	11731	5009.05	11733.6	35387	3206000	78886000	1.01E+08
MAINE	1981	2536.96	12013	4976.6	12095.08	35387	2989000	79260000	1.06E+08
MAINE	1982	2540.19	12099	4952.99	12308.54	35387	3611000	85875000	1.13E+08
MAINE	1983	2536.66	12813	4941.74	12475.82	35387	3100000	77318000	96179000
MAINE	1984	2526.87	13652	4942.55	12817.15	35387	3611000	97931000	1.27E+08
MAINE	1985	2535.26	14238	4939.7	13919.23	35387	2697000	1.31E+08	1.52E+08
MAINE	1986	2542.41	15056	4964.7	14340.59	35387	2418000	1.18E+08	1.69E+08
MAINE	1987	2542.09	16648	5025.26	14804.7	35387	2920000	1.15E+08	1.64E+08
MAINE	1988	2547.35	17896	5147.52	15292.81	35387	2722000	1.17E+08	1.76E+08
MICHIGAN	1969	17924.92	109617	44684.82	84755.95	96810	40624000	3.18E+08	1.51E+08
MICHIGAN	1970	18238.74	102172	45993.77	87827.03	96810	33689000	3.43E+08	1.62E+08
MICHIGAN	1971	18423.57	107116	46772.91	91039.26	96810	25088000	4.09E+08	1.85E+08
MICHIGAN	1972	18834.46	113837	47923.55	94302.49	96810	28573000	4.10E+08	1.93E+08
MICHIGAN	1973	19160.95	122991	48793.43	99072.42	96810	24206000	4.29E+08	2.11E+08
MICHIGAN	1974	19397.17	115796	49789.59	103711.2	96810	26492000	5.27E+08	2.27E+08
MICHIGAN	1975	19591.79	109217	50687.49	104330.8	96810	20630000	5.04E+08	2.62E+08
MICHIGAN	1976	19800.72	119929	51302.35	106687.1	96810	19282000	4.70E+08	2.83E+08
MICHIGAN	1977	19980.26	129279	51494.34	109995.7	96810	19244000	4.55E+08	2.99E+08
MICHIGAN	1978	20002.83	135247	51707.36	114436.7	96810	7709000	4.52E+08	3.38E+08
MICHIGAN	1979	19996.38	132845	51922.35	119398.1	96810	5773000	5.13E+08	3.71E+08
MICHIGAN	1980	20024.11	121360	52276.4	112346.2	96810	20574000	5.67E+08	3.77E+08
MICHIGAN	1981	19881.31	118356	51955.88	115911.3	96810	10611000	5.22E+08	4.20E+08
MICHIGAN	1982	19714.51	108627	51305.62	118105.8	96810	24655000	5.59E+08	4.50E+08
MICHIGAN	1983	19505.44	114259	50724.55	119779	96810	21130000	3.58E+08	6.17E+08
MICHIGAN	1984	19397.92	123886	50392.79	123249.9	96810	24882000	4.91E+08	6.38E+08
MICHIGAN	1985	19184.17	131417	49879.29	125148.8	96810	28316000	5.37E+08	7.51E+08
MICHIGAN	1986	18993.14	136433	49584.88	128885.8	96810	27010000	6.54E+08	8.60E+08
MICHIGAN	1987	18841.42	138204	49308.61	133096.3	96810	32153000	7.12E+08	8.75E+08
MICHIGAN	1988	18795.61	145444	49760.76	137614.7	96810	27093000	6.70E+08	7.41E+08
MINNESOTA	1969	10284.33	41250	21948.43	43287.56	86943	27167000	2.87E+08	1.16E+08
MINNESOTA	1970	10735.9	41734	23056.36	45132.89	86943	29738000	2.85E+08	1.08E+08
MINNESOTA	1971	11014.64	42467	24023.53	46882.97	86943	19395000	2.98E+08	1.24E+08
MINNESOTA	1972	11172.43	44123	24731.18	48841.94	86943	18524000	3.01E+08	1.40E+08
MINNESOTA	1973	11367.22	47805	25333.93	51426.02	86943	20754000	3.32E+08	1.68E+08
MINNESOTA	1974	11555.19	47482	25910.97	53798.39	86943	27272000	3.32E+08	1.45E+08
MINNESOTA	1975	11620.28	46967	26485.99	49634.58	86943	28211000	3.23E+08	1.82E+08
MINNESOTA	1976	11748.51	48795	27080.21	51784.08	86943	20928000	3.74E+08	1.91E+08
MINNESOTA	1977	11880.62	51661	27464.67	53517.11	86943	20127000	3.80E+08	2.08E+08
MINNESOTA	1978	11985.82	54138	27832.95	55679.83	86943	24083000	5.25E+08	2.51E+08
MINNESOTA	1979	12074.93	56239	28055.27	58050.22	86943	23445000	5.42E+08	2.73E+08
MINNESOTA	1980	12164.09	55874	28460.94	58041.33	86943	32282000	5.65E+08	2.95E+08
MINNESOTA	1981	12212.26	56748	28590.72	59374.92	86943	24090000	5.09E+08	4.64E+08
MINNESOTA	1982	12279.25	55919	28694.1	59871.42	86943	36094000	5.60E+08	4.02E+08
MINNESOTA	1983	12413.96	57167	28718.02	60369.4	86943	28461000	6.24E+08	4.09E+08
MINNESOTA	1984	12569.74	62730	28959.43	61935.21	86943	41437000	8.00E+08	4.15E+08
MINNESOTA	1985	12752.43	65463	29241.01	60525.85	86943	36022000	8.38E+08	4.67E+08
MINNESOTA	1986	12925.96	68117	29655.03	62028.79	86943	44687000	8.97E+08	4.51E+08
MINNESOTA	1987	13140.33	70106	30093.32	63893.65	86943	40646000	9.83E+08	4.57E+08
MINNESOTA	1988	13417.77	73407	30670.27	66077.3	86943	50735000	9.82E+08	4.93E+08
MISSOURI	1969	9512.8	50663	19464.98	43905.35	69709	26867000	2.39E+08	1.02E+08
MISSOURI	1970	9928.56	50196	20393.17	46044.28	69709	26477000	2.56E+08	1.09E+08
MISSOURI	1971	10282.11	51945	21288.19	47785.13	69709	30703000	2.71E+08	1.20E+08
MISSOURI	1972	10518.19	54198	22079.1	49585.63	69709	28330000	2.37E+08	1.26E+08
MISSOURI	1973	10658.22	56789	22475.35	52270.92	69709	30528000	2.55E+08	1.43E+08
MISSOURI	1974	10880.54	55056	22839.32	54632.86	69709	36274000	3.04E+08	1.87E+08
MISSOURI	1975	10949.45	53932	23032.56	54083.75	69709	26067000	3.07E+08	2.02E+08
MISSOURI	1976	11026.81	57183	23236.14	55279.23	69709	28613000	3.08E+08	1.91E+08
MISSOURI	1977	11140.36	60424	23393.53	56916.64	69709	19767000	2.88E+08	2.08E+08
MISSOURI	1978	11165.62	63375	23545.2	59048.8	69709	27884000	3.47E+08	2.41E+08
MISSOURI	1979	11257.64	64333	23670.64	61409.73	69709	23128000	3.74E+08	2.74E+08
MISSOURI	1980	11287.89	61574	23947.15	61738.44	69709	13312000	3.17E+08	2.83E+08
MISSOURI	1981	11257.3	62540	24084.48	63186.99	69709	15036000	2.98E+08	2.84E+08
MISSOURI	1982	11186.57	61226	23957.04	63907.08	69709	10167000	3.05E+08	3.18E+08
MISSOURI	1983	11168.62	63655	23782.61	64752.02	69709	11431000	2.85E+08	3.32E+08
MISSOURI	1984	11134.25	68490	23761.7	66783.29	69709	10046000	3.91E+08	3.51E+08
MISSOURI	1985	11224.66	70830	23855.97	68087.26	69709	24256000	4.91E+08	4.04E+08
MISSOURI	1986	11345.53	72629	24093.71	70076.38	69709	25380000	5.20E+08	4.05E+08
MISSOURI	1987	11426.06	75306	24358.6	72510.65	69709	19680000	4.70E+08	3.94E+08
MISSOURI	1988	11494.67	77844	24607.52	75102.29	69709	24073000	5.37E+08	4.24E+08
MISSISSIPPI	1969	4936.56	17284	10016.07	22569.14	48434	8091000	1.13E+08	64417000
MISSISSIPPI	1970	5114.5	17306	10497.82	23557.96	48434	7577000	1.45E+08	67851000
MISSISSIPPI	1971	5323.04	18027	10844.14	24157.51	48434	6618000	1.74E+08	71189000
MISSISSIPPI	1972	5491.42	19340	11076.24	24473.04	48434	8946000	1.61E+08	81575000
MISSISSIPPI	1973	5639.29	20605	11239.45	25485.58	48434	12064000	1.70E+08	86018000
MISSISSIPPI	1974	5738.05	20208	11515.56	26426.83	48434	11071000	2.13E+08	1.01E+08
MISSISSIPPI	1975	5844.97	20184	11799.74	28130.16	48434	20069000	2.66E+08	1.13E+08
MISSISSIPPI	1976	6029.9	22282	12061.45	28447.98	48434	10561000	2.67E+08	1.20E+08
MISSISSIPPI	1977	6182.76	23628	12274.39	29243.06	48434	15542000	2.19E+08	1.33E+08
MISSISSIPPI	1978	6224.01	24880	12384.91	30326.78	48434	12221000	2.14E+08	1.51E+08
MISSISSIPPI	1979	6267.28	25611	12454.04	31541.4	48434	10861000	2.56E+08	35961000
MISSISSIPPI	1980	6352.24	25082	12547.36	32193.92	48434	10304000	3.31E+08	1.57E+08
MISSISSIPPI	1981	6422.29	26017	12603.35	33198.67	48434	10205000	3.40E+08	2.14E+08
MISSISSIPPI	1982	6517.93	25537	12613.88	33751.34	48434	16505000	3.24E+08	2.16E+08
MISSISSIPPI	1983	6583.29	25570	12509.37	34052.07	48434	19759000	3.02E+08	1.97E+08
MISSISSIPPI	1984	6621.01	27342	12430.11	34822.24	48434	20968000	2.99E+08	2.12E+08
MISSISSIPPI	1985	6654.31	27778	12411.36	34116.19	48434	16608000	3.17E+08	2.43E+08
MISSISSIPPI	1986	6692.56	27987	12405.75	34668.65	48434	16461000	3.83E+08	2.47E+08
MISSISSIPPI	1987	6700.34	29579	12390.97	35255.92	48434	14374000	3.36E+08	2.30E+08
MISSISSIPPI	1988	6702.66	31247	12439.9	35823.48	48434	16691000	3.53E+08	2.41E+08
MONTANA	1969	3372.27	7871	4782.64	14320.39	147046	4798000	96616000	25597000
MONTANA	1970	3517.01	7896	4956.96	14461.39	147046	4653000	1.16E+08	28688000
MONTANA	1971	3657.76	7829	5095.7	14730.06	147046	4777000	1.24E+08	30991000
MONTANA	1972	3786.46	8524	5241.43	15347.47	147046	3417000	1.38E+08	32582000
MONTANA	1973	3881.28	8948	5420.38	15871.08	147046	3483000	1.05E+08	37518000
MONTANA	1974	3885.38	9176	5487.68	16347.55	147046	3672000	83697000	40238000
MONTANA	1975	3863.19	9288	5536.46	18140.99	147046	6206000	1.05E+08	45041000
MONTANA	1976	3886.33	9524	5628.09	18199.92	147046	3855000	1.45E+08	53043000
MONTANA	1977	3964.73	9675	5756.96	18653.38	147046	4822000	1.46E+08	54002000
MONTANA	1978	3999.93	10580	5871.16	19264.06	147046	4214000	1.31E+08	58905000
MONTANA	1979	3997.37	10952	5945.22	19941.84	147046	4290000	1.84E+08	74882000
MONTANA	1980	4003.21	11114	6004.93	19265.48	147046	3937000	2.04E+08	84128000
MONTANA	1981	4030.51	11394	6027.25	19724.99	147046	2378000	2.00E+08	83933000
MONTANA	1982	4007.25	11007	5967.63	19877.97	147046	5653000	1.43E+08	84952000
MONTANA	1983	4013.08	10911	5957.83	19888.7	147046	6510000	1.73E+08	91142000
MONTANA	1984	4046.68	10817	6024.85	20199.1	147046	6119000	2.18E+08	92166000
MONTANA	1985	4085.04	10323	6117.91	19414.55	147046	5426000	2.32E+08	95385000
MONTANA	1986	4134.76	10763	6199.61	19400.73	147046	6740000	2.48E+08	1.20E+08
MONTANA	1987	4166.08	10474	6245.48	19394.92	147046	6700000	1.83E+08	93912000
MONTANA	1988	4165.41	10336	6209.03	19331.31	147046	12105000	2.36E+08	75017000
NORTH CAROLINA	1969	7670.09	47143	16840	43497.41	53821	25978000	1.94E+08	86955000
NORTH CAROLINA	1970	8035.21	48047	17688.47	46378.35	53821	25477000	2.30E+08	1.12E+08
NORTH CAROLINA	1971	8433.58	50127	18419.02	48129.87	53821	31939000	2.53E+08	1.16E+08
NORTH CAROLINA	1972	8810.08	54624	19081.72	49858.52	53821	31416000	2.55E+08	1.12E+08
NORTH CAROLINA	1973	9185.2	57975	19701.02	52460.28	53821	30691000	2.57E+08	1.16E+08
NORTH CAROLINA	1974	9347.54	57546	20334.13	54990.14	53821	31615000	2.46E+08	1.48E+08
NORTH CAROLINA	1975	9478.41	56288	21062.44	57959.71	53821	37111000	3.08E+08	1.61E+08
NORTH CAROLINA	1976	9749.47	59462	22029.51	59106.74	53821	44517000	3.71E+08	1.56E+08
NORTH CAROLINA	1977	9915.07	62681	22652	60848.16	53821	56378000	3.31E+08	1.85E+08
NORTH CAROLINA	1978	10151.65	66409	23305.83	63150.19	53821	32083000	3.56E+08	1.89E+08
NORTH CAROLINA	1979	10342.92	68039	24164.71	65641.48	53821	34959000	4.12E+08	2.16E+08
NORTH CAROLINA	1980	10401.46	68065	24576.1	67293.41	53821	45003000	4.48E+08	2.27E+08
NORTH CAROLINA	1981	10322	70395	24698.58	69071.06	53821	50610000	3.57E+08	2.32E+08
NORTH CAROLINA	1982	10211.41	69128	24700.31	70037.16	53821	32273000	2.88E+08	2.81E+08
NORTH CAROLINA	1983	10160.19	73553	24674.17	70834.5	53821	39233000	3.16E+08	3.21E+08
NORTH CAROLINA	1984	10119.46	80020	24744.19	72753.04	53821	47962000	3.87E+08	3.40E+08
NORTH CAROLINA	1985	10143.7	83170	25179.37	84000.92	53821	41508000	4.85E+08	3.75E+08
NORTH CAROLINA	1986	10138.49	87371	25833.9	86457.32	53821	47798000	4.81E+08	3.42E+08
NORTH CAROLINA	1987	10180.74	92752	26678.06	89320.43	53821	47901000	5.50E+08	4.11E+08
NORTH CAROLINA	1988	10338.95	96632	27589.03	92268.96	53821	78438000	6.48E+08	4.51E+08
NORTH DAKOTA	1969	2716.99	6159	4173.07	11571.8	70704	924000	46611000	19154000
NORTH DAKOTA	1970	2740.92	6024	4226.31	11843.02	70704	2398000	66637000	21268000
NORTH DAKOTA	1971	2816.25	6551	4302.57	12036.32	70704	2456000	66454000	23581000
NORTH DAKOTA	1972	2834.21	7015	4330.52	12675.35	70704	2381000	62110000	21956000
NORTH DAKOTA	1973	2888.67	8120	4404.4	13112.72	70704	1374000	63551000	24807000
NORTH DAKOTA	1974	2903.68	8000	4458.28	13488.09	70704	920000	75039000	28384000
NORTH DAKOTA	1975	2903.34	8267	4492.23	15078.43	70704	1520000	90973000	33858000
NORTH DAKOTA	1976	2943.62	8167	4573.94	15049.51	70704	3717000	99360000	38337000
NORTH DAKOTA	1977	2985.13	8077	4628.15	15397.12	70704	2359000	1.06E+08	38048000
NORTH DAKOTA	1978	3011.56	9020	4704.64	15889.87	70704	3153000	97296000	44326000
NORTH DAKOTA	1979	3050.67	9562	4798.61	16426.82	70704	5315000	1.39E+08	50449000
NORTH DAKOTA	1980	3070.19	9525	4888.2	20919.99	70704	2790000	1.37E+08	62365000
NORTH DAKOTA	1981	3065	10532	4893	21461.22	70704	2350000	1.22E+08	60593000
NORTH DAKOTA	1982	3061.18	10293	4929.21	21655.24	70704	2353000	1.05E+08	65568000
NORTH DAKOTA	1983	3054.36	9700	4929.23	21663.82	70704	3530000	1.62E+08	69635000
NORTH DAKOTA	1984	3087.35	10043	4968.32	22019.74	70704	2294000	1.75E+08	69503000
NORTH DAKOTA	1985	3125.82	9884	5014.77	21556.51	70704	2811000	1.66E+08	75618000
NORTH DAKOTA	1986	3125.34	9806	5020.89	21374.77	70704	2077000	1.50E+08	70451000
NORTH DAKOTA	1987	3120.09	9174	5026.15	21191.57	70704	2388000	1.45E+08	84448000
NORTH DAKOTA	1988	3129.3	8601	5019.72	20859.28	70704	1181000	1.44E+08	89492000
NEBRASKA	1969	4134.55	16134	9235.03	19160.51	77358	5110000	80674000	52444000
NEBRASKA	1970	4227.15	16067	9759.43	19747.34	77358	3537000	1.21E+08	47626000
NEBRASKA	1971	4373.59	16648	10291.33	20268.79	77358	2883000	1.08E+08	55889000
NEBRASKA	1972	4469.52	17429	10785.36	21324.54	77358	3836000	1.13E+08	58400000
NEBRASKA	1973	4574.39	18284	11293.48	22286.74	77358	6785000	1.12E+08	70949000
NEBRASKA	1974	4667.1	18151	11814.03	23106.64	77358	3839000	1.41E+08	81261000
NEBRASKA	1975	4740.46	18717	12436.57	24592.23	77358	4397000	1.79E+08	90318000
NEBRASKA	1976	4831.06	19189	12902.62	24992.27	77358	4450000	1.44E+08	90967000
NEBRASKA	1977	4911.27	19563	13482.42	25629.41	77358	5667000	1.59E+08	93842000
NEBRASKA	1978	4985.51	20298	14181.26	26477.07	77358	8182000	1.71E+08	1.07E+08
NEBRASKA	1979	5048.29	20943	14619.96	27424.29	77358	11104000	2.04E+08	1.18E+08
NEBRASKA	1980	5106.39	20575	14897.42	29177.88	77358	8161000	2.08E+08	1.20E+08
NEBRASKA	1981	5138.39	21777	15039.75	29566.74	77358	6678000	2.12E+08	1.29E+08
NEBRASKA	1982	5188.05	21244	15088.99	29555.66	77358	6175000	1.83E+08	1.43E+08
NEBRASKA	1983	5215.73	20647	15027.98	29573.43	77358	12947000	2.63E+08	1.54E+08
NEBRASKA	1984	5281.8	22164	14981.5	30189.6	77358	8939000	2.47E+08	1.67E+08
NEBRASKA	1985	5344.81	23300	14974.69	28468.92	77358	11705000	2.57E+08	1.63E+08
NEBRASKA	1986	5376.63	23673	15009.84	28843.93	77358	9430000	2.74E+08	1.61E+08
NEBRASKA	1987	5388.16	23006	14919.69	29358.98	77358	7859000	2.24E+08	1.57E+08
NEBRASKA	1988	5423.15	23621	14873.69	29966.97	77358	9036000	2.89E+08	1.60E+08
NEW HAMPSHIRE	1969	1889.29	6889	3085.49	5957.55	9351	4657000	36989000	33798000
NEW HAMPSHIRE	1970	1943.53	6852	3247.53	6436.54	9351	3768000	43052000	34481000
NEW HAMPSHIRE	1971	2008.2	7042	3419.24	6680.89	9351	2856000	41504000	37904000
NEW HAMPSHIRE	1972	2057.3	7516	3559.45	6965.5	9351	4344000	43473000	39020000
NEW HAMPSHIRE	1973	2124.83	8098	3688.39	7332.32	9351	3959000	52160000	40234000
NEW HAMPSHIRE	1974	2167.52	8016	3783.91	7671.07	9351	3852000	48679000	40583000
NEW HAMPSHIRE	1975	2214.32	7819	3915.39	7536.15	9351	2545000	46102000	48439000
NEW HAMPSHIRE	1976	2257.4	8470	4084.04	7674.13	9351	5247000	68170000	47535000
NEW HAMPSHIRE	1977	2301.79	9084	4223.59	7886.88	9351	2819000	71172000	51578000
NEW HAMPSHIRE	1978	2333.25	10002	4329.97	8200.74	9351	3618000	63185000	60349000
NEW HAMPSHIRE	1979	2342.18	10572	4348.94	8562.82	9351	3781000	91531000	70811000
NEW HAMPSHIRE	1980	2344.09	10738	4369.35	9134.69	9351	2715000	62400000	58796000
NEW HAMPSHIRE	1981	2330.26	11332	4353.02	9412.72	9351	2960000	49748000	68800000
NEW HAMPSHIRE	1982	2314.9	11606	4333.41	9575.38	9351	3915000	96826000	80302000
NEW HAMPSHIRE	1983	2327.25	12743	4324.98	9751.27	9351	5827000	69709000	77142000
NEW HAMPSHIRE	1984	2337.76	14100	4316.63	10057.05	9351	4353000	73658000	88060000
NEW HAMPSHIRE	1985	2350.11	15541	4331.54	11863.55	9351	4002000	1.05E+08	1.19E+08
NEW HAMPSHIRE	1986	2342.92	17073	4343.75	12308.36	9351	3661000	97181000	1.18E+08
NEW HAMPSHIRE	1987	2358.43	19011	4424.95	12812.56	9351	7888000	1.04E+08	1.32E+08
NEW HAMPSHIRE	1988	2401.79	20324	4541.76	13374.03	9351	12158000	1.17E+08	1.46E+08
NEW JERSEY	1969	10385.59	84921	24857.74	57996.4	8722	59552000	3.51E+08	1.44E+08
NEW JERSEY	1970	11262.24	86366	26627.68	59928.09	8722	51994000	3.80E+08	1.63E+08
NEW JERSEY	1971	12060.09	89073	28256.83	62437.39	8722	65265000	3.54E+08	1.67E+08
NEW JERSEY	1972	12813.13	93384	29544.99	65220.99	8722	43781000	3.93E+08	1.90E+08
NEW JERSEY	1973	13495.55	97847	30629.69	68911.99	8722	35783000	4.01E+08	1.92E+08
NEW JERSEY	1974	13945.5	94864	31830.65	72364.36	8722	23374000	6.55E+08	2.31E+08
NEW JERSEY	1975	14014.03	90693	32396.14	65688.1	8722	20174000	2.47E+08	2.31E+08
NEW JERSEY	1976	13955.12	94049	32775.77	67158.09	8722	23069000	2.28E+08	2.41E+08
NEW JERSEY	1977	13788.65	97370	33066.76	69360.18	8722	12961000	1.77E+08	2.64E+08
NEW JERSEY	1978	13644.05	101593	33268.6	72312.47	8722	10907000	2.01E+08	3.01E+08
NEW JERSEY	1979	13558.33	103350	33625.27	75670.47	8722	15468000	2.09E+08	2.81E+08
NEW JERSEY	1980	13439.86	102571	33794.24	77193.36	8722	14750000	2.22E+08	4.27E+08
NEW JERSEY	1981	13293.91	105835	34144.86	79782.27	8722	25981000	3.71E+08	2.92E+08
NEW JERSEY	1982	13343.43	106705	34320.27	81590.08	8722	30822000	4.15E+08	2.96E+08
NEW JERSEY	1983	13415	113408	34385.92	83749.02	8722	33302000	4.42E+08	4.52E+08
NEW JERSEY	1984	13486.99	121388	34528.53	87514.13	8722	30534000	6.08E+08	4.82E+08
NEW JERSEY	1985	13719.05	126460	34675.69	95540.08	8722	67209000	6.80E+08	4.53E+08
NEW JERSEY	1986	14220.46	133468	35465.25	100079.8	8722	81964000	8.69E+08	4.88E+08
NEW JERSEY	1987	14740.82	145777	36419.13	105401.5	8722	59608000	1.01E+09	5.13E+08
NEW JERSEY	1988	15409	155077	37458.49	111049	8722	70674000	6.91E+08	5.37E+08
NEW MEXICO	1969	3256.77	12949	6082.2	18909.26	121598	8306000	74530000	27053000
NEW MEXICO	1970	3341.9	12837	6195.5	19467.69	121598	8304000	88345000	32355000
NEW MEXICO	1971	3385.03	13284	6238.49	19864.93	121598	8656000	89065000	33929000
NEW MEXICO	1972	3442.98	13874	6326.03	20592.77	121598	9719000	99109000	38321000
NEW MEXICO	1973	3446.34	14588	6367.27	21314.16	121598	7395000	71017000	47126000
NEW MEXICO	1974	3460.85	15247	6447.38	21958.76	121598	5744000	1.01E+08	52429000
NEW MEXICO	1975	3474.94	15541	6606.97	23919.97	121598	6001000	1.04E+08	59565000
NEW MEXICO	1976	3501.57	15932	6724.71	24441.47	121598	18219000	89011000	76721000
NEW MEXICO	1977	3494.83	16932	6786.25	25269.39	121598	17022000	82433000	68178000
NEW MEXICO	1978	3515.79	18122	6902.83	26247.31	121598	5264000	1.33E+08	1.27E+08
NEW MEXICO	1979	3579.76	19078	7104.7	27361.11	121598	4370000	1.11E+08	89694000
NEW MEXICO	1980	3615.48	19664	7296.53	26939.76	121598	4888000	1.24E+08	65740000
NEW MEXICO	1981	3631.09	20265	7402.21	28025.98	121598	3781000	1.93E+08	74050000
NEW MEXICO	1982	3739.57	20023	7634.64	28657.43	121598	4269000	1.93E+08	83017000
NEW MEXICO	1983	3877.09	20283	7904.32	28916.61	121598	6715000	2.14E+08	90738000
NEW MEXICO	1984	4028.1	21331	8228.31	29544.48	121598	5962000	2.73E+08	94479000
NEW MEXICO	1985	4096.28	21741	8483.37	30208.23	121598	14624000	2.29E+08	1.12E+08
NEW MEXICO	1986	4158.78	21154	8732.42	30109.4	121598	28245000	2.41E+08	1.17E+08
NEW MEXICO	1987	4280.77	21231	8954.35	29964	121598	8520000	2.63E+08	1.10E+08
NEW MEXICO	1988	4388.96	21618	9192.05	29698.23	121598	15861000	2.58E+08	1.11E+08
NEVADA	1969	1993.17	7122	3768.6	10805.73	110567	5149000	44879000	13606000
NEVADA	1970	2042.4	7354	3877.35	11252.01	110567	4799000	47976000	16790000
NEVADA	1971	2094.25	7599	4033.14	11706.31	110567	6961000	59387000	17638000
NEVADA	1972	2116.82	8076	4160.79	12261.06	110567	7942000	57113000	17348000
NEVADA	1973	2155.53	8774	4296.97	12901.95	110567	9702000	59687000	20103000
NEVADA	1974	2158.46	8861	4402.1	13377.11	110567	11179000	63356000	23982000
NEVADA	1975	2165.37	9084	4500.21	15048.03	110567	7627000	51320000	27993000
NEVADA	1976	2174.67	9720	4574.27	15231.21	110567	5915000	48093000	31556000
NEVADA	1977	2195.82	10673	4646.28	15437.13	110567	15721000	70744000	31986000
NEVADA	1978	2243.79	12233	4766.05	15781.26	110567	6288000	86488000	32959000
NEVADA	1979	2276.73	13343	4935.36	16264.91	110567	3970000	81923000	22203000
NEVADA	1980	2321.8	13991	5188.56	17556.21	110567	8226000	1.23E+08	35320000
NEVADA	1981	2368.03	14365	5381.96	17981.16	110567	6969000	1.07E+08	36258000
NEVADA	1982	2389.52	13796	5500.17	18297.17	110567	11680000	1.04E+08	19538000
NEVADA	1983	2455.39	14103	5695	18813.07	110567	29687000	1.70E+08	36508000
NEVADA	1984	2508.07	14790	5856.9	19705.62	110567	27147000	1.76E+08	39345000
NEVADA	1985	2574.74	15474	6003	22724.26	110567	34735000	1.94E+08	53331000
NEVADA	1986	2639.54	16092	6146.41	23743.87	110567	29119000	1.96E+08	55447000
NEVADA	1987	2707.08	17654	6328.26	24806.12	110567	11870000	1.38E+08	56261000
NEVADA	1988	2782.09	19384	6537.47	25760.58	110567	12154000	1.88E+08	76017000
NEW YORK	1969	34674.49	244708	106893.5	136663.7	54475	83460000	7.74E+08	4.56E+08
NEW YORK	1970	35397.65	242791	110932	142795.9	54475	87915000	8.37E+08	4.77E+08
NEW YORK	1971	36040.1	245018	115957.7	149415.7	54475	76788000	7.85E+08	5.53E+08
NEW YORK	1972	36678.41	251249	121450.1	157017.5	54475	1.26E+08	9.00E+08	5.84E+08
NEW YORK	1973	36709.33	258498	126498.2	166920.6	54475	1.20E+08	8.91E+08	5.97E+08
NEW YORK	1974	36931.52	250208	131097	175080.7	54475	54480000	8.31E+08	6.60E+08
NEW YORK	1975	36848.64	242463	134166	153578.1	54475	41340000	6.99E+08	6.94E+08
NEW YORK	1976	36486.69	245161	134701.9	156804.7	54475	30821000	5.51E+08	7.53E+08
NEW YORK	1977	36064.57	251092	134632.8	162223.4	54475	32811000	4.95E+08	8.06E+08
NEW YORK	1978	35899.56	254194	134765.3	169324.7	54475	41339000	1.04E+09	9.03E+08
NEW YORK	1979	35837.95	254314	134166.7	177499.2	54475	33894000	1.25E+09	9.62E+08
NEW YORK	1980	35638.22	249770	133207.7	173471.3	54475	44456000	1.16E+09	1.04E+09
NEW YORK	1981	35797.68	256199	132189.2	179574.3	54475	36065000	1.16E+09	1.13E+09
NEW YORK	1982	35777.56	255686	131808.8	183921.3	54475	36506000	1.20E+09	1.20E+09
NEW YORK	1983	35970.25	267916	131365.1	189443.5	54475	2.12E+08	1.43E+09	1.14E+09
NEW YORK	1984	36063.88	285080	131529.9	199426.8	54475	40070000	1.41E+09	1.19E+09
NEW YORK	1985	36270.34	296381	132203	199092.6	54475	40436000	1.60E+09	1.42E+09
NEW YORK	1986	36542.6	309273	133171.4	209024.4	54475	55884000	1.69E+09	1.80E+09
NEW YORK	1987	36996.2	316780	134790.6	221363.9	54475	31495000	1.91E+09	1.64E+09
NEW YORK	1988	37413.16	334914	136677.7	234991.6	54475	26813000	2.00E+09	1.74E+09
OHIO	1969	23653.22	125896	48317.68	106396.1	44828	80213000	5.25E+08	2.18E+08
OHIO	1970	24331.77	121293	50241.05	110275	44828	85117000	5.06E+08	2.44E+08
OHIO	1971	24733.59	122871	51395.75	114219.3	44828	59134000	4.74E+08	2.57E+08
OHIO	1972	24882.94	128649	52356.39	118487.5	44828	51688000	4.25E+08	2.67E+08
OHIO	1973	24967.19	137636	52834.75	124345.7	44828	45795000	4.41E+08	2.93E+08
OHIO	1974	25063.58	134923	53464.68	130164.1	44828	36934000	4.49E+08	3.23E+08
OHIO	1975	24980.44	127128	54188.05	123122.2	44828	36853000	4.88E+08	3.40E+08
OHIO	1976	24924.3	133697	54969.48	126663.7	44828	24234000	4.52E+08	3.77E+08
OHIO	1977	24781.45	140466	55391.11	130514.8	44828	19897000	4.59E+08	3.95E+08
OHIO	1978	24696.32	146947	56115.22	135552.7	44828	33713000	5.03E+08	4.10E+08
OHIO	1979	24562.74	147766	56513.63	141143	44828	17756000	5.69E+08	4.66E+08
OHIO	1980	24343.52	140782	56980.17	130138.8	44828	10658000	5.58E+08	4.85E+08
OHIO	1981	24029.59	141743	57101.01	133828.4	44828	14607000	5.02E+08	5.29E+08
OHIO	1982	23773.55	134204	56929.04	135942.5	44828	15221000	5.90E+08	5.63E+08
OHIO	1983	23606.36	137411	56648.46	137605.8	44828	20861000	5.93E+08	6.28E+08
OHIO	1984	23826.13	147979	56463.31	141449.3	44828	24161000	7.64E+08	6.64E+08
OHIO	1985	23755.8	152689	56283.12	139129.6	44828	18035000	9.50E+08	7.15E+08
OHIO	1986	23731.75	156541	56319.14	143178.1	44828	28538000	9.10E+08	7.04E+08
OHIO	1987	23697.01	162073	56416.52	147820	44828	27165000	9.73E+08	7.02E+08
OHIO	1988	23735.85	170707	56826.91	152935.7	44828	29341000	1.03E+09	6.93E+08
OKLAHOMA	1969	5732.8	32718	11168.19	38990.92	6990	14503000	1.35E+08	69467000
OKLAHOMA	1970	5929.04	33262	11478.15	40190.7	6990	12300000	1.41E+08	74948000
OKLAHOMA	1971	5994.3	33879	11680.58	40932.34	6990	17916000	1.20E+08	79382000
OKLAHOMA	1972	5697.07	35190	11832.9	41815.94	6990	24819000	1.67E+08	73914000
OKLAHOMA	1973	5821.31	36333	12026.61	43288.99	6990	23839000	1.60E+08	77121000
OKLAHOMA	1974	5890.24	36110	12396.49	44637.53	6990	20618000	1.82E+08	98425000
OKLAHOMA	1975	5926.67	35967	12730.82	49044.39	6990	11279000	1.68E+08	1.06E+08
OKLAHOMA	1976	5936.34	37376	12979.01	49679.55	6990	14069000	1.56E+08	1.11E+08
OKLAHOMA	1977	5972.49	39235	13229.51	51180.23	6990	14639000	1.54E+08	1.22E+08
OKLAHOMA	1978	6001.28	41564	13492.11	53110.66	6990	21180000	1.84E+08	1.46E+08
OKLAHOMA	1979	6039.31	43535	13835.66	55318.19	6990	13439000	2.18E+08	1.60E+08
OKLAHOMA	1980	6072.15	44944	14248.02	63264.52	6990	16828000	2.49E+08	1.69E+08
OKLAHOMA	1981	6131.31	47236	14564.32	65824.58	69903	14273000	2.88E+08	1.72E+08
OKLAHOMA	1982	6159.51	48700	14766.51	67358.6	69903	29097000	2.35E+08	70536000
OKLAHOMA	1983	6263.83	46425	15088.88	68096.06	69903	18988000	2.56E+08	73370000
OKLAHOMA	1984	6331.49	47499	15480.8	69848.25	69903	3784000	2.58E+08	72811000
OKLAHOMA	1985	6405.81	47178	15891.09	64625.86	69903	23703000	3.07E+08	81184000
OKLAHOMA	1986	6506.49	45928	16324.85	64842.04	69903	8845000	3.10E+08	1.03E+08
OKLAHOMA	1987	6594.24	44529	16556.71	65023.68	69903	11375000	4.30E+08	2.64E+08
OKLAHOMA	1988	6698.98	45128	16765.62	64872.43	69903	9097000	4.53E+08	2.70E+08
OREGON	1969	5522.14	22253	11143.64	22546.05	98386	11616000	1.41E+08	60796000
OREGON	1970	5641.79	22350	11481.58	23425.25	98386	14664000	1.91E+08	57709000
OREGON	1971	5868.4	23280	11830.75	24286.22	98386	21615000	2.34E+08	66189000
OREGON	1972	6085.11	25356	12150.51	25304.46	98386	24297000	2.31E+08	69693000
OREGON	1973	6313.43	26976	12912.83	26641.39	98386	11767000	1.76E+08	77064000
OREGON	1974	6322.44	27744	13214.8	27836.41	98386	7009000	1.90E+08	87219000
OREGON	1975	6354.98	27474	13671.14	30422.64	98386	7107000	2.47E+08	1.09E+08
OREGON	1976	6408.58	29559	13976.13	31180.19	98386	4886000	1.86E+08	1.06E+08
OREGON	1977	6376.73	31397	14350.99	32072.21	98386	7930000	1.97E+08	1.20E+08
OREGON	1978	6372.79	33793	14724.22	33272.01	98386	11970000	2.35E+08	1.46E+08
OREGON	1979	6373.7	35296	15020.05	34618.64	98386	8986000	3.15E+08	1.52E+08
OREGON	1980	6437.47	34762	15420.56	36469.81	98386	11373000	4.22E+08	1.73E+08
OREGON	1981	6498.97	33614	15666.86	37341.17	98386	16702000	4.42E+08	1.54E+08
OREGON	1982	6563.96	31148	15743.83	37792.98	98386	24729000	3.96E+08	1.54E+08
OREGON	1983	6589.36	31899	15759.04	38276.78	98386	14724000	3.40E+08	1.94E+08
OREGON	1984	6639.98	33747	15844.49	39308.4	98386	19714000	3.34E+08	1.77E+08
OREGON	1985	6716.47	34769	15947.63	37419.6	98386	21519000	3.78E+08	1.90E+08
OREGON	1986	6755.75	35934	16022.66	38446.82	98386	5956000	3.98E+08	2.30E+08
OREGON	1987	6849.2	36764	16110.43	39674.28	98386	14839000	4.00E+08	2.30E+08
OREGON	1988	6837.71	39101	16140.43	40897.2	98386	22951000	4.27E+08	2.44E+08
PENNSYLVANIA	1969	21507.1	132319	50428.35	105738.9	46058	1.53E+08	6.71E+08	2.92E+08
PENNSYLVANIA	1970	22873.38	129967	53374.91	109965.3	46058	1.01E+08	7.17E+08	3.24E+08
PENNSYLVANIA	1971	24070.94	130120	56250.56	114031.5	46058	81363000	7.41E+08	3.46E+08
PENNSYLVANIA	1972	24636.92	136028	58090.06	118691.2	46058	69322000	5.91E+08	3.98E+08
PENNSYLVANIA	1973	25171.81	142970	59430.51	124688.1	46058	74641000	6.36E+08	4.27E+08
PENNSYLVANIA	1974	25623.55	140616	60860.6	130578.4	46058	71255000	6.51E+08	4.48E+08
PENNSYLVANIA	1975	26024.77	135828	61871.02	124414.9	46058	53042000	7.98E+08	4.18E+08
PENNSYLVANIA	1976	26341.98	140178	62830.91	127274.8	46058	43036000	7.58E+08	4.81E+08
PENNSYLVANIA	1977	26307.55	144091	62861.36	131212.4	46058	43639000	5.47E+08	5.73E+08
PENNSYLVANIA	1978	26037.41	148130	62652.44	136305.4	46058	29571000	4.03E+08	6.27E+08
PENNSYLVANIA	1979	25614.52	149431	62617.53	141870.4	46058	20795000	4.17E+08	6.44E+08
PENNSYLVANIA	1980	25108.4	145367	62440.58	132965.8	46058	24195000	5.88E+08	7.34E+08
PENNSYLVANIA	1981	24753.64	146570	62061.65	136800.6	46058	21935000	7.02E+08	7.58E+08
PENNSYLVANIA	1982	24476.17	141282	61479.97	139072.2	46058	28274000	7.87E+08	7.71E+08
PENNSYLVANIA	1983	24200.25	143923	61158.43	141054.1	46058	51786000	7.39E+08	7.50E+08
PENNSYLVANIA	1984	23961.42	151405	60661.77	145339	46058	39688000	8.67E+08	8.62E+08
PENNSYLVANIA	1985	23854.84	155809	60244.69	145434	46058	55483000	1.25E+09	9.24E+08
PENNSYLVANIA	1986	23854.61	160862	60020.81	150228.9	46058	60723000	1.43E+09	9.65E+08
PENNSYLVANIA	1987	24040.19	169234	59836.1	155952.7	46058	69551000	1.51E+09	1.02E+09
PENNSYLVANIA	1988	24206.95	177793	59912.6	162151.9	46058	62654000	1.50E+09	1.08E+09
RHODE ISLAND	1969	2264.59	9845	4310.21	5437.28	1545	3998000	48728000	14373000
RHODE ISLAND	1970	2278.2	9824	4451.24	5610.11	1545	3999000	30987000	15232000
RHODE ISLAND	1971	2224.37	9849	4493.55	5845.79	1545	2813000	26451000	16436000
RHODE ISLAND	1972	2179.26	10247	4498.12	6109.18	1545	4209000	28438000	17400000
RHODE ISLAND	1973	2164.89	10496	4490.52	6470.03	1545	3422000	30357000	17012000
RHODE ISLAND	1974	2139.15	9888	4463.83	6799.79	1545	1849000	42020000	20498000
RHODE ISLAND	1975	2095.73	9433	4437.89	6123.78	1545	2590000	21239000	18816000
RHODE ISLAND	1976	2052.81	9968	4443.85	6286.71	1545	807000	40976000	23494000
RHODE ISLAND	1977	2016.8	10323	4442.7	6499.15	1545	308000	19090000	24432000
RHODE ISLAND	1978	1988.83	10610	4430.52	6803.93	1545	339000	17023000	29056000
RHODE ISLAND	1979	1959.41	10734	4411.8	7154.94	1545	1559000	29629000	27581000
RHODE ISLAND	1980	1928.9	10518	4396.27	7057.35	1545	1715000	32432000	28800000
RHODE ISLAND	1981	1906.68	10848	4342.84	7323.77	1545	1818000	34089000	28104000
RHODE ISLAND	1982	1878.8	10592	4302.36	7503.27	1545	2835000	48138000	28813000
RHODE ISLAND	1983	1860.02	11022	4251.45	7684.1	1545	3497000	50971000	28641000
RHODE ISLAND	1984	1860.07	12011	4230.74	8001.04	1545	15770000	88529000	29902000
RHODE ISLAND	1985	1884.03	12572	4254.36	8191.84	1545	5098000	98108000	32559000
RHODE ISLAND	1986	1910.62	13283	4267.04	8540.86	1545	5847000	1.36E+08	31562000
RHODE ISLAND	1987	1929.34	13856	4252.4	8946.02	1545	9216000	1.56E+08	35852000
RHODE ISLAND	1988	1980.89	14517	4332.13	9424.25	1545	5917000	1.68E+08	26137000
SOUTH CAROLINA	1969	4003.53	20678	8250.43	24322.74	32007	6148000	68697000	42012000
SOUTH CAROLINA	1970	4102.9	20924	8694.41	26387.6	32007	6441000	94864000	47550000
SOUTH CAROLINA	1971	4235.03	21626	9115.22	27298.7	32007	6760000	1.12E+08	51562000
SOUTH CAROLINA	1972	4348.79	23156	9554.06	28224.77	32007	12021000	1.23E+08	55039000
SOUTH CAROLINA	1973	4508.21	24919	10014.14	29549.55	32007	14046000	1.31E+08	56229000
SOUTH CAROLINA	1974	4644.35	25153	10637.46	30901.75	32007	12063000	1.62E+08	64346000
SOUTH CAROLINA	1975	4728.06	24483	11097.59	34992.84	32007	10154000	1.67E+08	64913000
SOUTH CAROLINA	1976	4766.46	26304	11500.56	35544.29	32007	11199000	1.23E+08	68167000
SOUTH CAROLINA	1977	4715.39	27791	11653.18	36518.61	32007	12355000	1.24E+08	75762000
SOUTH CAROLINA	1978	4700.13	29587	11911.5	37807.33	32007	13011000	1.49E+08	88799000
SOUTH CAROLINA	1979	4689.82	30989	12263.76	39198.08	32007	19020000	1.65E+08	1.01E+08
SOUTH CAROLINA	1980	4671.24	31303	12577.08	40311.84	32007	8022000	1.73E+08	1.06E+08
SOUTH CAROLINA	1981	4633.78	32533	12972.01	41342.05	32007	3008000	1.40E+08	1.06E+08
SOUTH CAROLINA	1982	4522.2	31940	13110.97	41914.56	32007	8744000	1.52E+08	1.22E+08
SOUTH CAROLINA	1983	4448.16	33914	13172.84	42318.87	32007	15499000	1.74E+08	1.33E+08
SOUTH CAROLINA	1984	4462.6	36736	13211.81	43299.52	32007	29632000	2.28E+08	1.42E+08
SOUTH CAROLINA	1985	4491.38	37687	13391.24	48248.27	32007	6263000	2.36E+08	1.52E+08
SOUTH CAROLINA	1986	4551.54	39281	14130.46	49543.22	32007	22518000	2.42E+08	1.48E+08
SOUTH CAROLINA	1987	4628.87	42276	14442.05	50982.71	32007	10175000	3.08E+08	1.77E+08
SOUTH CAROLINA	1988	4777.93	44895	14869.23	52312.05	32007	18495000	3.35E+08	1.95E+08
SOUTH DAKOTA	1969	3034.09	5831	4173.17	9202.46	77121	2307000	58928000	29557000
SOUTH DAKOTA	1970	3081.08	5864	4261.98	9436.08	77121	2857000	67108000	27320000
SOUTH DAKOTA	1971	3131.49	6065	4333.46	9688.61	77121	2223000	70012000	29638000
SOUTH DAKOTA	1972	3145.05	6481	4407.53	10017.65	77121	1692000	73202000	33004000
SOUTH DAKOTA	1973	3195.26	7048	4501.83	10458.03	77121	1928000	79337000	37755000
SOUTH DAKOTA	1974	3238.72	6936	4630.2	10832.66	77121	2410000	82819000	46011000
SOUTH DAKOTA	1975	3256.92	7154	4732.91	11153.47	77121	1218000	78284000	51816000
SOUTH DAKOTA	1976	3291.01	6922	4840.82	11058.96	77121	1544000	80514000	52546000
SOUTH DAKOTA	1977	3274.12	7411	4895.63	11324.24	77121	1384000	77090000	58009000
SOUTH DAKOTA	1978	3263.74	7800	4998.01	11686.06	77121	1142000	91524000	70544000
SOUTH DAKOTA	1979	3244.97	8164	5067.5	12084.49	77121	2047000	1.46E+08	81022000
SOUTH DAKOTA	1980	3228.59	7841	5125.45	11911.36	77121	1932000	1.20E+08	69104000
SOUTH DAKOTA	1981	3222.48	8009	5178.56	12036.85	77121	1231000	1.19E+08	80799000
SOUTH DAKOTA	1982	3201.09	7835	5162.24	11996.73	77121	1155000	1.02E+08	82885000
SOUTH DAKOTA	1983	3199.35	7660	5146.61	11982.06	77121	1015000	1.28E+08	82488000
SOUTH DAKOTA	1984	3211.4	8200	5148.18	12209.45	77121	1785000	1.59E+08	88944000
SOUTH DAKOTA	1985	3231.13	8418	5281.22	11305.15	77121	1531000	1.56E+08	98251000
SOUTH DAKOTA	1986	3238.49	8760	5280.75	11399.81	77121	609000	1.36E+08	93273000
SOUTH DAKOTA	1987	3229.8	8453	5396.83	11565.68	77121	1198000	1.42E+08	88519000
SOUTH DAKOTA	1988	3227.74	8284	5421.95	11763.85	77121	2352000	1.73E+08	89132000
TENNESSEE	1969	9280.24	35013	20949.51	38417.96	42146	35975000	2.09E+08	69889000
TENNESSEE	1970	9506.84	34769	21687.41	40374.38	42146	29862000	2.17E+08	76869000
TENNESSEE	1971	9660.19	36771	22448.25	41983.03	42146	34484000	2.26E+08	84185000
TENNESSEE	1972	9744.11	40403	22886.75	43491.51	42146	20786000	2.41E+08	86782000
TENNESSEE	1973	9861.13	43424	23184.46	45836.89	42146	20317000	2.27E+08	99733000
TENNESSEE	1974	9981.1	43052	23972.49	48060.68	42146	26848000	2.67E+08	1.15E+08
TENNESSEE	1975	10093.2	42098	24632.07	51076.68	42146	17559000	3.67E+08	1.21E+08
TENNESSEE	1976	10262.04	45309	25153.79	52181.92	42146	11608000	3.45E+08	1.27E+08
TENNESSEE	1977	10346.22	47941	25444.07	53812.7	42146	15832000	2.97E+08	1.48E+08
TENNESSEE	1978	10412.39	51630	25820.64	55904.1	42146	22607000	3.41E+08	1.67E+08
TENNESSEE	1979	10468.24	52759	26011.9	58207.51	42146	32900000	4.23E+08	1.77E+08
TENNESSEE	1980	10514.67	51810	26321.05	58678.19	42146	21426000	4.53E+08	1.89E+08
TENNESSEE	1981	10529.66	52804	26467.14	60244.5	42146	27773000	3.86E+08	1.99E+08
TENNESSEE	1982	10509.67	51967	26394.65	61160.01	42146	33921000	3.33E+08	2.33E+08
TENNESSEE	1983	10523.47	54217	26261.07	62031.97	42146	40402000	4.41E+08	2.21E+08
TENNESSEE	1984	10639.21	58810	26236.06	63885.31	42146	26234000	4.68E+08	2.57E+08
TENNESSEE	1985	10744.85	61337	26281.46	65065.25	42146	21970000	5.04E+08	2.89E+08
TENNESSEE	1986	10851.49	64124	26428.43	67038.73	42146	37499000	5.13E+08	2.86E+08
TENNESSEE	1987	10949.55	68846	26656.86	69377.31	42146	34306000	5.57E+08	3.18E+08
TENNESSEE	1988	11110.42	72003	26911.07	71707.9	42146	38611000	7.24E+08	3.52E+08
TEXAS	1969	25941.91	155691	53639.88	213676.4	268601	68969000	5.87E+08	1.93E+08
TEXAS	1970	26813.21	160922	55700.45	220715.9	268601	60468000	6.46E+08	2.09E+08
TEXAS	1971	27558.66	164088	57213.27	224933.8	268601	55027000	6.40E+08	2.22E+08
TEXAS	1972	28414.53	172360	59134.01	229705.4	268601	44292000	6.01E+08	2.39E+08
TEXAS	1973	28683.18	183467	60974.12	237780.5	268601	58222000	5.81E+08	2.72E+08
TEXAS	1974	28964.12	189079	62734.61	245917.6	268601	57335000	7.07E+08	2.98E+08
TEXAS	1975	29304.44	193920	64422.93	270830.2	268601	52019000	8.79E+08	3.45E+08
TEXAS	1976	29426.06	205542	65863.92	274770.6	268601	32757000	6.47E+08	3.51E+08
TEXAS	1977	29487.23	218733	67133.78	283942.5	268601	31699000	7.47E+08	3.76E+08
TEXAS	1978	29851.01	232319	69034.04	295486.6	268601	34313000	9.49E+08	4.52E+08
TEXAS	1979	30308.65	240424	71409.31	308526.9	268601	43791000	1.12E+09	5.21E+08
TEXAS	1980	30933.19	244359	74168.05	334167.5	268601	74803000	1.80E+09	5.65E+08
TEXAS	1981	31570.69	254691	76260.44	349440.6	268601	82728000	1.60E+09	8.01E+08
TEXAS	1982	32349.61	254508	78159.02	359069.1	268601	1.18E+08	1.49E+09	8.87E+08
TEXAS	1983	32880.15	257245	80067.98	364324.5	268601	1.60E+08	1.50E+09	8.75E+08
TEXAS	1984	33234.72	273685	82196.09	375341.6	268601	1.25E+08	1.51E+09	8.72E+08
TEXAS	1985	33451.67	283388	84303.17	362209.9	268601	1.14E+08	1.67E+09	9.64E+08
TEXAS	1986	34476.42	276313	87685.62	365378.9	268601	2.43E+08	2.88E+09	1.05E+09
TEXAS	1987	35549.05	281797	91309.07	368624.4	268601	2.20E+08	2.76E+09	1.04E+09
TEXAS	1988	36718.22	289009	94351.33	369738.5	268601	1.43E+08	2.98E+09	1.18E+09
UTAH	1969	3117.57	10599	6494.16	11252.62	84904	5189000	94643000	19760000
UTAH	1970	3281.38	10750	6666.03	11621.13	84904	5501000	1.00E+08	20519000
UTAH	1971	3381.43	11242	6773.32	11981.62	84904	8209000	96776000	21739000
UTAH	1972	3497.85	12083	6928.74	12493.5	84904	8244000	1.10E+08	19717000
UTAH	1973	3583.37	12850	7072.53	13079.28	84904	7772000	92980000	26553000
UTAH	1974	3626.31	13267	7239.52	13616.96	84904	7056000	90973000	30701000
UTAH	1975	3624.95	13482	7373.63	16090.73	84904	4595000	95357000	34499000
UTAH	1976	3670.07	14315	7547.71	16584.22	84904	5120000	1.05E+08	39183000
UTAH	1977	3711.33	15324	7716.92	17142.71	84904	5774000	1.13E+08	41174000
UTAH	1978	3721.36	16611	7893.14	17874.79	84904	4063000	1.10E+08	48936000
UTAH	1979	3734.37	17291	8057.45	18707.02	84904	6755000	1.63E+08	49870000
UTAH	1980	3801.07	17639	8334.41	19165.89	84904	5880000	2.02E+08	60928000
UTAH	1981	3841.88	18093	8606.09	19798.38	84904	6210000	1.84E+08	62850000
UTAH	1982	3867.22	17892	8908.45	20132.57	84904	7584000	1.64E+08	74272000
UTAH	1983	3925.74	18570	9453.63	20339.64	84904	6301000	1.95E+08	85680000
UTAH	1984	4014.23	20177	10311.4	20850.77	84904	6448000	2.43E+08	93039000
UTAH	1985	4150.02	20920	11392	22757.3	84904	8844000	2.96E+08	1.07E+08
UTAH	1986	4251.97	21193	11907.07	23079.2	84904	4955000	2.40E+08	1.00E+08
UTAH	1987	4272.02	21414	12164.66	23439.84	84904	4610000	2.20E+08	1.07E+08
UTAH	1988	4317.48	22374	12235.57	23711.81	84904	2650000	2.69E+08	1.20E+08
VIRGINIA	1969	11264.21	48393	20732.56	34706.84	42769	35767000	2.46E+08	85054000
VIRGINIA	1970	11608.6	48269	21582.28	36795.57	42769	38452000	2.93E+08	1.02E+08
VIRGINIA	1971	11917.89	50049	22348.28	38243.38	42769	58552000	3.21E+08	1.06E+08
VIRGINIA	1972	12172.65	52927	22927.01	39992.1	42769	39115000	3.09E+08	1.06E+08
VIRGINIA	1973	12581.86	56762	23570.72	42155.45	42769	46916000	3.76E+08	1.64E+08
VIRGINIA	1974	13035.16	57441	24524.65	44147.96	42769	50017000	4.90E+08	1.35E+08
VIRGINIA	1975	13397.64	57290	25440.4	48475.72	42769	32356000	4.11E+08	1.30E+08
VIRGINIA	1976	13663.61	60122	26020.05	49402.95	42769	40121000	4.21E+08	1.62E+08
VIRGINIA	1977	13983.04	63151	26621.8	50991.39	42769	40227000	4.27E+08	2.19E+08
VIRGINIA	1978	14155.94	66445	27058.08	53106.81	42769	53214000	4.97E+08	2.83E+08
VIRGINIA	1979	14326.92	68123	27606.76	55464.07	42769	47341000	5.19E+08	2.85E+08
VIRGINIA	1980	14398.22	68787	27993.19	57163.94	42769	53536000	5.66E+08	2.68E+08
VIRGINIA	1981	14410.54	70711	28206.71	58820.49	42769	44158000	4.16E+08	2.82E+08
VIRGINIA	1982	14296.38	70375	28109.5	59774.36	42769	44627000	4.14E+08	3.22E+08
VIRGINIA	1983	14265.9	74360	28031.46	60756.37	42769	39459000	4.94E+08	3.41E+08
VIRGINIA	1984	14248.7	79329	27922.62	62710.66	42769	46652000	4.75E+08	3.88E+08
VIRGINIA	1985	14253.92	83143	28000.68	71355.78	42769	64012000	6.21E+08	4.60E+08
VIRGINIA	1986	14365.91	88171	28369.64	73743.53	42769	74521000	7.92E+08	4.86E+08
VIRGINIA	1987	14604.35	95006	28874.98	76594.28	42769	1.09E+08	9.50E+08	6.19E+08
VIRGINIA	1988	14931.72	99942	29694.37	79632.23	42769	1.40E+08	1.11E+09	6.02E+08
VERMONT	1969	1827.14	4296	2627.12	4052.71	9615	3110000	48800000	21719000
VERMONT	1970	1881.33	4354	2756.19	4250.3	9615	3527000	56313000	21641000
VERMONT	1971	1940.72	4438	2894.58	4402.85	9615	2810000	49628000	24989000
VERMONT	1972	1965.24	4611	2967.25	4577.6	9615	2786000	49967000	26644000
VERMONT	1973	2004.94	4801	3025.15	4806.48	9615	3239000	43004000	34792000
VERMONT	1974	2014.34	4652	3083.07	5017.84	9615	2947000	39438000	35302000
VERMONT	1975	2009.05	4528	3075.61	4790.14	9615	2346000	39089000	30607000
VERMONT	1976	1998.08	4760	3055.26	4805.94	9615	2292000	42220000	34289000
VERMONT	1977	1989.61	4913	3019.42	4926.2	9615	1933000	41011000	38648000
VERMONT	1978	1968.36	5363	3020.06	5105.86	9615	2788000	37991000	40860000
VERMONT	1979	1941.41	5569	3032.36	5308.11	9615	3718000	41226000	49542000
VERMONT	1980	1912.68	5634	3016.79	5514.75	9615	3665000	39134000	47348000
VERMONT	1981	1875.51	5875	2983.2	5671.16	9615	1909000	58131000	55194000
VERMONT	1982	1857.38	5871	2950.98	5756.72	9615	2393000	66430000	59891000
VERMONT	1983	1847.43	6261	2927.85	5832.7	9615	749000	53841000	62107000
VERMONT	1984	1838.69	6669	2925.39	6001.78	9615	993000	62339000	70231000
VERMONT	1985	1830.16	7142	2936.44	6939.38	9615	1652000	67828000	75396000
VERMONT	1986	1816.9	7585	2942.21	7154.45	9615	2840000	96112000	67545000
VERMONT	1987	1817.18	8305	2940.4	7400.34	9615	2009000	79889000	71793000
VERMONT	1988	1819.61	8834	2951.11	7667.97	9615	2032000	82864000	83575000
WASHINGTON	1969	8657.14	40742	25751.5	37406.43	71303	29310000	2.33E+08	95098000
WASHINGTON	1970	9022.44	39224	26775.46	39258.7	71303	39390000	2.86E+08	95886000
WASHINGTON	1971	9398.12	38966	27853.91	40764.39	71303	46936000	2.91E+08	1.07E+08
WASHINGTON	1972	9681.89	40535	28392.6	42227.19	71303	31179000	3.09E+08	1.14E+08
WASHINGTON	1973	10078.96	43470	29137.6	44463.18	71303	26254000	2.86E+08	1.22E+08
WASHINGTON	1974	10208.42	45385	29497.89	46519.96	71303	16324000	2.55E+08	1.31E+08
WASHINGTON	1975	10297.58	46367	29997.51	50312.3	71303	14224000	2.61E+08	1.50E+08
WASHINGTON	1976	10279.83	48697	30862.78	51506.38	71303	11234000	2.57E+08	1.60E+08
WASHINGTON	1977	10394.75	51511	31968.1	52994.95	71303	16117000	2.97E+08	1.74E+08
WASHINGTON	1978	10470.75	56875	33454.73	54907.23	71303	21171000	3.70E+08	1.97E+08
WASHINGTON	1979	10631.04	60175	35106.09	57001.52	71303	30339000	5.15E+08	2.31E+08
WASHINGTON	1980	10769.82	59796	36528	60190.96	71303	35905000	5.89E+08	2.58E+08
WASHINGTON	1981	10912.54	58977	37941.5	61677.79	71303	33498000	5.88E+08	2.57E+08
WASHINGTON	1982	11058.86	56745	39515.57	62465.52	71303	29030000	5.77E+08	2.73E+08
WASHINGTON	1983	11335.77	58828	40454.47	63256.31	71303	28600000	5.84E+08	2.96E+08
WASHINGTON	1984	11478.52	61507	40775.81	64929.03	71303	50220000	6.62E+08	3.27E+08
WASHINGTON	1985	11738.08	63664	41136.37	66033.81	71303	30603000	7.31E+08	3.55E+08
WASHINGTON	1986	11804.39	67158	41148.41	67953.21	71303	31307000	7.18E+08	3.50E+08
WASHINGTON	1987	12000.49	68676	41523.62	70259.67	71303	20694000	7.31E+08	3.47E+08
WASHINGTON	1988	12142.25	71593	41994.39	72362.78	71303	30019000	6.89E+08	3.48E+08
WISCONSIN	1969	9690.08	45701	23565.08	39311	65503	10635000	2.12E+08	1.33E+08
WISCONSIN	1970	9903.02	45301	24271.67	40880.5	65503	21931000	2.23E+08	1.38E+08
WISCONSIN	1971	10041.03	46505	24747.06	42260.97	65503	32190000	2.34E+08	1.55E+08
WISCONSIN	1972	10214.02	48879	25226.91	43778.56	65503	27884000	2.25E+08	1.62E+08
WISCONSIN	1973	10420.38	52062	25539.33	45934.43	65503	20930000	2.28E+08	1.71E+08
WISCONSIN	1974	10502.77	51830	25799.34	47948.09	65503	9554000	2.33E+08	1.89E+08
WISCONSIN	1975	10498.44	50930	25842.14	48872.43	65503	10612000	3.07E+08	2.15E+08
WISCONSIN	1976	10554.33	53853	25945.01	50089.81	65503	11651000	2.98E+08	2.06E+08
WISCONSIN	1977	10580.21	57055	25858.17	51469.94	65503	12973000	2.94E+08	2.32E+08
WISCONSIN	1978	10564.08	59908	25885.94	53386.11	65503	10569000	2.77E+08	2.54E+08
WISCONSIN	1979	10593.25	61689	25894.16	55505.35	65503	11659000	4.11E+08	2.94E+08
WISCONSIN	1980	10647.18	60255	25984.74	54915.52	65503	14835000	3.96E+08	3.24E+08
WISCONSIN	1981	10705.66	60815	26034.64	56262.51	65503	10425000	4.28E+08	3.32E+08
WISCONSIN	1982	10843.84	59558	26289.52	56912.51	65503	9729000	3.67E+08	3.83E+08
WISCONSIN	1983	10830.84	61053	26225.89	57440.24	65503	11507000	5.22E+08	4.07E+08
WISCONSIN	1984	10872.29	65461	26304.98	58904.8	65503	10703000	5.42E+08	4.11E+08
WISCONSIN	1985	10848.68	67469	26400.6	60241.65	65503	12307000	5.24E+08	4.58E+08
WISCONSIN	1986	10843.39	70171	26527.2	61786.9	65503	12753000	5.51E+08	4.69E+08
WISCONSIN	1987	10953.47	71556	26583.86	63581.55	65503	17421000	5.73E+08	4.39E+08
WISCONSIN	1988	10981.49	75299	26585.22	65617.75	65503	2703000	6.11E+08	4.70E+08
WEST VIRGINIA	1969	4049.12	17996	6482.87	24310.26	24231	22808000	1.66E+08	30522000
WEST VIRGINIA	1970	4439.47	18063	7051.17	25312.77	24231	29332000	2.22E+08	48868000
WEST VIRGINIA	1971	4937.39	18438	7652.54	26202.33	24231	22354000	2.95E+08	55784000
WEST VIRGINIA	1972	5519.66	19314	8245.21	27227.32	24231	26921000	3.26E+08	54996000
WEST VIRGINIA	1973	6023.03	19741	8735.95	28458.57	24231	24815000	2.90E+08	74666000
WEST VIRGINIA	1974	6401.46	19041	9220.62	29691.14	24231	23497000	2.45E+08	82450000
WEST VIRGINIA	1975	6667.3	19029	9624.86	32491.78	24231	24834000	2.57E+08	95531000
WEST VIRGINIA	1976	6874.36	20292	9942.15	33448.52	24231	26606000	3.16E+08	1.30E+08
WEST VIRGINIA	1977	6973.03	21193	10115.55	34622.97	24231	23854000	2.45E+08	1.01E+08
WEST VIRGINIA	1978	7117.63	22036	10457.33	35916.4	24231	20680000	2.65E+08	1.50E+08
WEST VIRGINIA	1979	7254.08	22592	10705.18	37252.5	24231	19248000	3.30E+08	1.62E+08
WEST VIRGINIA	1980	7400.82	22349	10943.56	34681.29	24231	25577000	3.97E+08	1.49E+08
WEST VIRGINIA	1981	7502.31	22053	11059.62	35504.01	24231	13792000	3.16E+08	1.54E+08
WEST VIRGINIA	1982	7551	21370	11078.85	35932.73	24231	16646000	2.50E+08	1.40E+08
WEST VIRGINIA	1983	7561.72	20822	11072.89	36068.2	24231	19875000	2.49E+08	1.23E+08
WEST VIRGINIA	1984	7542.71	21615	11000.7	36549.44	24231	15924000	2.89E+08	1.33E+08
WEST VIRGINIA	1985	7544.99	21629	10984.38	35781.74	24231	10831000	3.36E+08	1.53E+08
WEST VIRGINIA	1986	7559.65	21705	10974.93	36241.92	24231	8534000	3.47E+08	1.67E+08
WEST VIRGINIA	1987	7557.21	22730	10938.06	36865.05	24231	14144000	3.65E+08	1.68E+08
WEST VIRGINIA	1988	7562.87	23738	10902.86	37422.09	24231	9978000	2.58E+08	1.93E+08
WYOMING	1969	2696.26	8127	3674.01	14309.75	97818	872000	57308000	14614000
WYOMING	1970	2736.69	7924	3701.92	14459.14	97818	981000	58600000	16506000
WYOMING	1971	2760.91	7504	3701.91	14583.78	97818	1777000	61887000	16619000
WYOMING	1972	2785.44	7807	3722.93	14936.34	97818	1322000	65001000	15648000
WYOMING	1973	2804.6	8067	3732.09	15284.9	97818	1464000	49838000	18092000
WYOMING	1974	2796.67	8831	3772.46	15670	97818	1837000	60489000	22441000
WYOMING	1975	2804.28	8949	3884.01	19539.47	97818	2088000	91372000	16797000
WYOMING	1976	2898.34	9057	4037.03	19977.67	97818	3097000	81321000	30190000
WYOMING	1977	2920.85	9779	4115.61	20760.24	97818	2264000	77764000	32475000
WYOMING	1978	2950.53	11038	4268.71	21643.5	97818	2998000	97599000	36162000
WYOMING	1979	2979.23	11988	4399.69	22628.22	97818	5071000	1.24E+08	50641000
WYOMING	1980	3005.62	13027	4572.67	26330.2	97818	3085000	1.61E+08	63830000
WYOMING	1981	3060.64	13717	4731.98	27724.96	97818	5502000	1.53E+08	72062000
WYOMING	1982	3119.98	13056	4950.82	28586.46	97818	3134000	1.59E+08	76155000
WYOMING	1983	3195.68	11922	5184.73	28794.8	97818	4295000	2.04E+08	78050000
WYOMING	1984	3295.92	12073	5448.38	29326.94	97818	3365000	2.45E+08	82752000
WYOMING	1985	3400.96	12022	5700.41	27110.51	97818	3416000	2.47E+08	99815000
WYOMING	1986	3493.18	10870	5918.58	26628.26	97818	2511000	2.34E+08	1.55E+08
WYOMING	1987	3543.91	10511	6018.19	26021.3	97818	800000	1.88E+08	80778000
WYOMING	1988	3571.6	10511	6117.12	24963.6	97818	2105000	1.83E+08	81656000
